-23,-30,273,213,-29,20,-45,36,28,5
-34,-5,257,213,-29,20,-42,34,28,5
-34,-5,257,213,-29,20,-34,32,29,32
-23,-11,253,213,-31,22,-41,22,29,33
-25,-11,261,214,-31,22,-18,25,30,32
-27,-26,265,211,-30,38,-46,36,26,34
-22,-38,282,211,-30,38,-10,41,32,33
-23,-13,264,213,-30,21,-30,37,30,34
-31,-1,259,213,-30,21,-38,28,24,33
-26,-20,273,213,-28,29,-33,7,26,32
-17,-21,262,213,-28,29,-29,7,26,33
-18,-23,261,215,-29,18,-53,26,20,32
-29,-18,269,211,-32,23,-39,12,26,33
-21,-18,260,211,-32,23,-38,-12,24,34
-28,-37,273,213,-27,22,-22,-22,12,35
-38,-15,262,213,-27,22,14,-76,-2,33
-32,-13,264,213,-30,27,8,-106,-24,34
-30,-29,280,218,-28,20,-22,-105,-15,37
-36,-15,273,218,-28,20,8,-93,-16,33
-34,-10,270,211,-24,22,-26,-135,-30,37
-36,-6,262,211,-24,22,-94,-158,-46,35
-53,-18,273,215,-24,18,-59,-192,-61,37
-39,-36,262,216,-28,26,-76,-155,-53,37
-36,-26,263,216,-28,26,-30,-184,-41,35
-40,-24,260,218,-26,27,-67,-192,-21,36
-49,-23,269,218,-26,27,-24,-197,1,33
-42,-25,264,209,-20,26,-77,-124,7,34
-66,-10,258,213,-23,19,13,-100,17,35
-65,-7,258,213,-23,19,-51,-122,18,34
-62,-5,261,212,-22,24,2,-123,14,33
-56,-14,261,212,-22,24,-27,-136,5,34
-61,-15,265,210,-18,19,11,-173,-10,36
-66,-39,269,207,-17,23,-40,-210,-7,35
-68,-6,261,207,-17,23,-79,-234,-21,35
-77,-15,257,207,-15,23,-98,-272,-50,37
-78,-13,257,207,-15,23,-72,-336,-64,35
-79,-10,257,209,-16,24,-64,-343,-68,36
-93,-27,280,209,-11,19,49,-467,-98,36
-88,-37,262,209,-11,19,139,-492,-70,36
-84,-7,263,210,-6,16,163,-545,-90,35
-91,0,255,210,-6,16,99,-515,-90,32
-96,-9,256,207,-9,20,62,-567,-59,34
-114,-12,234,203,0,29,59,-558,-61,34
-124,6,241,203,0,29,-66,-530,-27,34
-115,5,229,203,2,24,-181,-486,-19,35
-144,-8,252,203,2,24,-140,-446,-40,35
-144,-4,259,206,1,25,46,-478,-39,33
-145,5,242,207,2,16,66,-526,-9,31
-152,3,235,207,2,16,-80,-581,25,33
-137,-9,227,206,6,23,-107,-587,26,34
-158,7,214,206,6,23,-58,-651,39,33
-185,-3,220,203,6,25,-122,-676,36,34
-188,-4,204,203,6,25,16,-626,-10,33
-192,8,202,205,7,27,46,-654,25,31
-199,-3,205,205,7,27,-64,-666,61,32
-195,-9,196,218,8,21,-88,-615,12,34
-209,-3,193,199,9,26,-35,-602,-26,34
-210,-15,201,199,9,26,12,-567,-22,35
-208,-4,183,197,13,41,57,-497,-43,34
-229,4,179,197,13,41,-1,-498,-54,34
-216,11,167,195,13,39,-44,-538,-56,36
-229,1,181,199,12,40,-100,-603,-40,35
-212,9,153,199,12,40,-232,-628,-39,36
-226,-5,165,197,10,40,-307,-627,-6,34
-234,9,141,197,10,40,-294,-599,30,34
-219,-6,129,195,12,45,-225,-505,7,35
-233,5,122,197,13,56,-149,-435,-1,34
-245,-10,138,197,13,56,-83,-346,-36,37
-248,1,117,191,15,59,70,-305,-45,33
-253,0,137,191,15,59,131,-303,-53,35
-240,9,98,197,14,57,89,-341,-20,32
-254,0,134,198,16,37,253,-367,-20,35
-261,6,115,198,16,37,274,-371,-40,35
-270,13,97,195,17,56,233,-400,-64,33
-278,17,105,195,17,56,233,-414,-69,35
-273,9,119,198,14,43,40,-337,-60,32
-277,18,83,198,14,43,39,-300,-46,34
-276,19,80,195,10,48,49,-313,-72,33
-259,25,77,193,11,42,83,-326,-90,34
-253,21,77,193,11,42,137,-376,-123,36
-277,26,73,195,20,42,135,-354,-97,34
-242,18,63,195,20,42,122,-336,-48,35
-272,33,54,194,17,48,179,-392,-60,34
-268,22,75,193,19,47,60,-394,-40,33
-272,22,52,193,19,47,-92,-326,-44,33
-285,31,65,197,15,50,96,-292,-61,34
-283,37,38,197,15,50,36,-255,-57,34
-276,32,39,193,22,43,132,-278,-40,34
-284,30,59,193,22,43,148,-331,22,34
-276,39,29,201,21,35,-52,-329,82,33
-275,43,21,191,21,41,23,-365,107,34
-254,19,20,191,21,41,-8,-284,65,31
-260,22,7,194,20,47,-10,-247,18,32
-277,32,9,194,20,47,66,-220,-8,31
-284,36,8,194,19,42,95,-253,-37,32
-282,24,26,194,19,42,98,-264,-24,34
-260,28,-1,195,19,45,52,-230,-24,33
-294,39,9,195,21,44,3,-189,15,31
-275,17,-3,195,21,44,-112,-157,46,33
-292,29,-4,194,21,43,-79,-120,75,33
-267,22,-23,194,21,43,-72,-45,48,33
-287,22,-6,194,20,43,-13,82,21,32
-284,24,-16,194,20,43,-7,203,7,31
-284,21,3,193,17,53,18,337,-10,32
-284,40,-7,193,17,53,-55,464,-12,33
-284,40,-2,195,21,37,111,478,-39,32
-286,20,21,195,22,41,-85,484,-21,33
-274,34,11,195,22,41,-171,537,-6,33
-278,28,44,191,23,43,-75,554,3,32
-279,46,26,191,23,43,-64,536,-10,33
-261,39,35,193,24,43,-71,512,-31,34
-283,43,49,193,24,43,-37,538,-10,33
-274,31,60,195,26,42,-17,611,10,33
-255,25,42,189,25,32,-155,687,25,33
-252,34,60,189,25,32,-122,776,10,32
-251,33,75,193,22,37,-55,809,23,33
-261,40,74,193,22,37,-126,771,-15,34
-268,43,90,192,29,40,-56,723,37,33
-270,28,120,192,29,40,-31,652,73,33
-262,26,122,191,24,24,-134,606,100,36
-260,31,117,197,28,27,-35,592,109,34
-263,45,116,197,28,27,-174,648,140,35
-246,29,123,195,25,26,-187,615,128,35
-233,19,140,195,25,26,-45,601,86,32
-247,17,151,197,21,25,-69,572,43,34
-223,29,140,195,20,15,-84,530,41,33
-251,28,148,195,20,15,-4,493,64,33
-212,29,153,200,15,22,-45,463,89,33
-242,32,144,200,15,22,-114,454,82,34
-235,30,157,197,13,18,-149,487,72,35
-221,22,165,197,13,18,-157,534,44,34
-209,28,163,195,17,14,-234,582,40,34
-197,17,168,200,20,15,-122,579,68,33
-216,11,191,200,20,15,-169,596,61,35
-213,11,201,197,17,26,-130,583,36,35
-211,20,192,197,17,26,-95,599,79,33
-182,13,196,199,14,19,-149,663,108,36
-198,5,210,197,10,17,11,701,95,31
-189,17,208,197,10,17,130,677,93,34
-189,21,201,201,9,18,117,661,114,33
-158,24,206,201,9,18,97,683,96,31
-169,15,228,200,3,12,59,642,83,31
-170,14,248,200,3,12,78,632,79,32
-157,30,222,201,4,13,130,599,81,32
-147,31,227,201,4,13,48,658,67,31
-148,25,231,205,-8,3,21,637,93,32
-151,27,231,205,-5,3,-136,614,106,33
-134,7,256,205,-5,3,-43,612,110,32
-112,24,239,202,-7,-3,73,574,95,32
-129,22,244,202,-7,-3,43,505,88,33
-102,8,262,204,-12,-10,-42,480,88,34
-118,7,293,204,-12,-10,19,515,80,34
-123,26,258,211,-22,1,-52,587,73,33
-93,22,253,201,-14,-7,-63,623,89,33
-86,27,254,201,-14,-7,-70,560,96,33
-57,31,253,205,-13,-6,-148,458,69,34
-98,22,252,205,-13,-6,-111,386,59,35
-79,27,249,205,-19,-1,-84,360,42,33
-80,22,266,205,-19,-1,-70,362,49,34
-74,23,257,207,-18,-4,-51,365,60,33
-61,12,267,206,-20,-1,-56,382,46,34
-68,18,282,206,-20,-1,-201,364,56,35
-70,9,284,203,-22,5,-199,381,56,31
-59,12,258,203,-22,5,-142,387,44,33
-48,10,259,208,-23,1,-179,415,23,33
-44,15,254,208,-23,1,41,432,19,32
-29,7,270,210,-25,3,-64,389,41,31
-39,11,261,207,-25,2,-73,380,34,33
-35,11,262,207,-25,2,66,388,36,31
-43,8,274,206,-24,11,-63,403,40,32
-28,13,258,206,-24,11,32,451,28,32
-29,20,264,207,-27,0,59,453,24,31
-17,16,259,207,-27,0,20,494,5,31
-22,13,284,205,-26,2,-17,484,-5,32
-1,6,276,205,-26,2,98,569,-25,31
-8,19,276,206,-27,2,-50,503,-3,30
8,10,273,206,-27,2,-175,516,4,31
4,5,271,211,-25,4,0,505,21,27
25,12,268,211,-25,4,-6,507,5,30
11,10,273,212,-28,5,-122,494,-9,32
22,9,279,210,-24,5,-58,510,-8,30
31,3,287,210,-24,5,-91,518,-8,30
23,25,287,213,-29,8,-1210,755,-81,35
30,-14,257,213,-29,8,-1651,963,-141,36
66,-60,248,213,-28,45,-193,823,3,34
84,-25,232,213,-28,45,642,610,156,34
66,-6,238,211,-27,38,527,827,212,33
75,-23,284,213,-29,29,392,651,173,35
111,1,235,213,-29,29,-135,608,120,33
94,-27,255,207,-32,28,-94,529,108,34
97,-7,247,207,-32,28,205,542,93,32
111,-5,242,213,-34,24,96,561,61,33
110,-4,236,213,-34,24,-55,544,58,33
132,4,227,214,-35,19,6,552,90,30
122,4,234,215,-33,21,-47,540,90,33
133,-7,224,215,-33,21,-152,555,119,35
137,-41,234,211,-33,24,-134,560,113,36
132,-5,235,211,-33,24,-130,543,51,33
165,-13,205,211,-37,33,-44,568,72,35
151,-6,215,211,-37,33,-75,509,30,33
163,9,199,211,-37,33,-77,583,91,33
175,-8,203,211,-38,31,-70,525,57,34
175,-21,190,211,-38,31,63,535,93,33
154,-10,201,211,-35,31,40,462,38,34
167,3,204,211,-35,31,75,542,64,30
183,-7,183,213,-40,31,-71,540,83,33
181,-3,178,213,-40,31,35,569,145,33
184,-8,190,207,-44,20,86,537,130,34
204,-2,172,211,-38,28,-95,538,133,34
200,4,172,211,-38,28,89,520,103,32
209,5,165,211,-39,29,-28,551,97,33
198,3,179,211,-39,29,-79,513,163,33
200,4,184,209,-41,31,9,511,163,31
196,3,156,209,-41,31,64,496,151,31
209,-2,160,213,-42,31,23,441,118,34
228,1,140,211,-44,26,32,418,104,32
218,4,141,211,-44,26,92,370,88,32
234,21,134,211,-44,27,135,414,102,34
227,14,145,211,-44,27,170,465,73,34
236,16,120,207,-46,30,48,501,127,34
217,24,120,207,-46,30,229,487,96,32
209,7,128,208,-49,24,137,444,39,33
242,20,123,211,-48,28,35,472,67,32
251,31,105,211,-48,28,196,483,47,34
234,21,110,203,-47,22,154,485,-39,34
241,11,100,203,-47,22,18,454,-42,34
234,11,114,209,-51,21,77,414,-6,32
223,21,85,209,-51,21,46,384,17,30
257,19,82,211,-48,21,-28,318,-11,33
232,8,100,207,-49,28,44,256,-2,31
235,24,94,207,-49,28,68,297,5,31
236,22,72,209,-49,22,8,304,-72,31
234,20,90,209,-49,22,-22,368,-53,34
237,11,68,206,-47,22,41,366,-27,31
251,15,69,206,-47,22,86,383,31,31
242,11,77,205,-48,16,39,380,25,31
230,11,68,205,-48,16,142,359,60,33
238,17,73,207,-48,13,174,408,73,32
243,30,43,207,-48,13,53,412,53,32
244,26,39,206,-46,10,38,404,85,30
262,17,38,203,-51,12,38,348,65,30
255,4,60,203,-51,12,59,266,73,30
239,14,37,208,-55,19,45,191,38,31
264,31,23,208,-55,19,-48,281,68,33
258,30,24,203,-53,14,-33,306,42,32
248,11,40,203,-53,14,-72,268,99,33
237,30,21,207,-52,6,-3,136,123,30
233,16,32,207,-52,6,11,-12,101,32
255,13,28,206,-57,4,-83,-128,21,32
269,13,28,206,-57,4,-102,-226,-11,35
238,16,42,216,-50,7,-87,-365,-4,32
249,8,72,203,-54,11,-39,-491,-5,33
247,21,42,203,-54,11,-107,-606,53,35
256,12,61,203,-53,3,-103,-676,43,32
233,27,63,203,-53,3,-177,-666,31,33
260,25,68,209,-50,8,-71,-559,91,32
222,26,80,209,-50,8,-126,-480,69,34
262,22,81,208,-44,-1,-242,-364,68,34
250,22,92,205,-51,10,-102,-262,16,35
253,20,89,205,-51,10,-217,-225,-25,36
229,22,92,206,-49,11,-184,-161,-5,34
239,10,111,206,-49,11,-68,-104,31,35
232,22,87,209,-53,9,-89,-91,44,30
253,22,86,207,-52,18,-87,-86,29,33
231,18,99,207,-52,18,-156,-142,-10,35
222,8,113,208,-48,14,-145,-222,-2,35
234,12,117,208,-48,14,-201,-336,-44,37
226,23,104,207,-48,14,-145,-372,-43,36
223,13,106,207,-51,23,-109,-398,-23,37
221,10,124,207,-51,23,-135,-391,-28,36
241,13,124,209,-49,18,-123,-384,-19,37
207,14,127,209,-49,18,-135,-380,-21,37
229,14,128,213,-46,16,-114,-412,-38,36
201,0,133,211,-46,20,-132,-368,-11,36
230,12,134,211,-46,20,-85,-331,14,34
207,4,172,207,-42,20,-116,-309,-5,34
225,11,143,207,-42,20,-167,-318,-10,36
198,2,178,206,-41,31,-92,-354,-16,33
190,5,150,208,-39,24,-159,-402,-35,36
213,0,171,208,-39,24,-70,-478,-46,34
194,8,153,209,-41,27,-110,-492,-62,36
193,-4,187,209,-41,27,-126,-491,-94,36
175,0,167,209,-42,25,-119,-489,-74,35
189,7,184,210,-36,31,-45,-473,-69,35
179,3,180,210,-36,31,-63,-459,-77,34
163,-9,204,207,-35,28,-122,-473,-101,38
169,-3,192,208,-31,39,-78,-484,-73,35
146,-10,202,208,-31,39,-64,-516,-62,36
162,-9,200,207,-30,39,-56,-491,-19,36
164,-18,206,207,-30,39,-87,-501,-5,34
162,-15,207,212,-30,24,-127,-489,7,35
149,-20,219,211,-31,36,-100,-492,-3,36
144,-14,217,211,-31,36,-231,-494,-44,37
133,-15,228,211,-27,33,-106,-482,-50,38
138,-35,231,211,-27,33,-70,-443,0,34
113,-7,226,213,-31,31,-18,-371,53,35
118,-23,221,213,-27,35,-25,-348,65,35
105,-31,240,213,-27,35,-113,-284,89,36
97,-21,237,213,-32,30,50,-283,86,34
98,-21,245,213,-32,30,-93,-327,36,34
99,-19,238,220,-37,29,-74,-400,54,35
101,-21,231,220,-38,35,11,-405,99,34
85,-20,251,220,-38,35,-39,-416,120,35
84,-30,265,211,-34,25,-98,-388,120,35
76,-39,269,211,-34,25,-137,-349,95,34
70,-35,259,209,-33,37,-19,-343,78,35
67,-18,250,211,-38,34,-116,-368,71,35
60,-31,262,211,-38,34,-142,-374,73,36
43,-21,254,211,-38,35,-2,-417,54,33
63,-21,250,211,-38,35,30,-448,30,33
49,-9,253,209,-39,23,-67,-417,47,34
34,-18,268,209,-40,24,-66,-411,66,34
59,-29,253,209,-40,24,-79,-390,78,35
34,-15,257,209,-42,33,-53,-378,95,33
28,-28,280,209,-42,33,-128,-356,91,35
33,-45,264,209,-41,34,-78,-310,95,35
36,-37,261,212,-47,29,-16,-275,102,35
23,-41,269,212,-47,29,-73,-249,132,36
15,-11,266,210,-45,28,41,-229,155,34
8,-13,268,210,-45,28,5,-224,172,33
-5,-21,263,209,-46,27,-69,-188,183,35
5,-23,261,210,-48,33,-162,-180,172,36
-12,-21,265,210,-48,33,92,-216,140,36
-2,-32,281,211,-52,24,-16,-197,115,35
-15,-27,283,211,-52,24,-272,-134,33,37
-19,-22,256,211,-53,26,-88,-94,-34,34
-13,-23,257,209,-50,27,51,-32,-31,34
-17,-15,275,209,-50,27,42,-9,-12,34
-24,-22,271,207,-53,37,-30,46,-5,33
-20,-22,266,207,-53,37,-90,67,-59,35
-17,-20,263,211,-49,30,38,32,-59,33
-18,-16,265,211,-49,30,-19,14,-32,35
-27,-17,259,205,-47,27,-28,-35,-63,35
-15,-36,273,210,-46,26,-49,0,-118,35
-19,-22,267,210,-46,26,-238,20,-252,37
-10,-40,264,207,-44,26,-97,54,-334,34
-9,-37,263,207,-44,26,18,77,-369,33
-19,-27,269,211,-33,31,-106,90,-411,36
-6,-40,274,213,-30,32,62,66,-383,34
-13,-26,264,213,-30,32,-64,21,-397,36
-16,-38,268,211,-21,29,-101,42,-463,36
-30,-32,263,211,-21,29,-115,77,-519,37
-13,-36,264,221,-16,40,-38,99,-554,35
-23,-29,275,211,0,28,128,228,-637,35
-26,-18,256,211,0,28,91,286,-668,33
-5,-33,255,209,14,36,160,240,-693,34
-10,-16,263,209,14,36,156,157,-662,36
6,-14,261,214,26,19,-9,164,-641,31
-6,-4,266,203,36,24,-114,156,-608,35
-9,-30,258,203,36,24,-385,188,-591,35
-15,-33,265,203,48,19,-311,166,-534,37
-2,-27,259,203,48,19,-20,166,-510,35
-15,-26,266,198,57,26,34,79,-571,33
8,-30,272,197,68,32,-295,106,-614,35
3,-55,270,197,68,32,-44,166,-620,33
-9,-26,257,190,83,38,49,169,-672,34
-13,-32,262,190,83,38,-19,126,-718,35
8,-18,267,185,96,35,194,105,-749,33
-14,-18,274,179,108,24,-89,87,-785,35
-12,-32,256,179,108,24,8,74,-740,33
-13,-31,280,172,116,30,4,84,-730,34
24,-50,267,172,116,30,105,63,-605,34
-11,-29,257,158,129,36,59,69,-514,35
-5,-37,266,158,129,36,154,96,-482,34
-11,-14,256,156,132,25,20,71,-463,35
-6,-49,291,150,144,20,213,40,-477,35
-14,-12,260,150,144,20,42,111,-491,35
-8,-20,258,147,150,21,140,98,-513,34
-15,-18,267,147,150,21,3,125,-579,33
1,-14,291,133,161,16,-62,50,-712,34
-18,-34,263,126,168,19,23,59,-733,34
5,-26,277,126,168,19,-84,-45,-735,34
-19,-14,255,112,179,7,113,-66,-671,36
-4,-37,269,112,179,7,17,-86,-646,33
-18,-26,260,99,186,13,149,-77,-607,36
-10,-27,265,88,192,18,120,-11,-609,35
-25,-5,264,88,192,18,9,51,-587,32
-12,-8,271,82,195,14,206,91,-575,32
-31,-1,260,82,195,14,210,80,-602,33
-23,-6,259,72,194,21,29,115,-615,34
-16,3,267,72,194,21,85,59,-632,31
-10,-7,271,55,203,10,-61,-25,-652,35
-25,-8,270,46,207,20,59,63,-574,32
-18,-3,260,46,207,20,18,-12,-571,34
-13,-29,277,36,215,20,42,20,-524,32
-17,8,268,36,215,20,188,57,-469,32
-14,20,264,26,218,13,100,54,-525,34
-20,9,260,26,218,13,113,124,-507,33
-24,8,290,13,219,18,-16,91,-524,33
-5,16,258,2,223,15,11,99,-455,30
-21,0,282,2,223,15,20,118,-306,32
-18,16,255,-4,224,6,38,73,-280,30
-6,17,264,-4,224,6,-143,19,-290,33
-13,15,262,-10,224,6,18,52,-261,32
-14,-1,297,-10,224,6,-6,34,-210,33
-26,5,282,-14,225,8,-70,13,-158,32
-20,5,292,-14,225,8,-38,7,-97,31
-18,14,265,-21,227,18,-38,53,-52,32
-16,22,262,-21,227,18,-25,37,-98,32
0,8,273,-28,228,23,-54,-7,-127,32
-12,-3,289,-23,228,13,-15,17,-72,33
-24,7,273,-23,228,13,-38,11,4,31
-5,8,283,-27,232,14,-79,-31,22,31
-18,3,290,-27,232,14,-134,28,70,33
-19,9,282,-22,229,14,-62,41,140,31
-7,6,288,-22,229,14,-70,63,130,31
-19,7,274,-25,227,21,-82,16,160,32
-17,13,266,-25,227,21,-176,-2,185,35
-8,4,274,-19,230,10,-63,15,251,31
-16,-6,262,-10,227,19,-51,-38,309,34
-15,9,266,-10,227,19,-100,-29,316,35
-20,4,262,-5,220,24,-21,-10,296,31
-5,8,267,-5,220,24,-57,-32,245,31
-22,-8,290,-1,227,23,-102,-63,273,34
-34,-6,263,-1,227,23,-120,-126,372,36
-28,1,267,8,219,16,-64,-89,506,31
-17,-6,262,13,224,20,14,-57,600,33
-37,-8,283,13,224,20,108,19,726,32
-20,10,264,23,225,21,-62,-7,763,32
-25,7,263,23,225,21,-99,20,820,31
-22,6,266,41,219,26,-92,-25,830,32
-29,12,260,41,219,26,-101,-25,803,35
-21,9,265,54,215,26,-56,-30,692,32
-17,6,258,69,203,25,-154,-3,656,33
-21,3,252,69,203,25,12,3,626,29
-17,-18,294,83,194,31,-147,-34,621,36
-20,-11,259,83,194,31,-119,-12,663,34
-30,-20,265,87,195,20,171,-78,698,33
-33,-18,272,87,195,20,-38,-4,729,34
-25,-9,280,102,188,19,40,-13,758,33
-37,-7,253,113,184,26,-67,-25,711,35
-27,-29,282,113,184,26,21,-31,707,34
-34,-12,250,123,173,25,66,56,781,34
-22,7,261,123,173,25,257,107,749,33
-28,-1,283,133,165,29,76,79,700,32
-31,2,263,133,165,29,114,113,666,33
-24,-7,296,145,159,16,151,72,645,32
-19,12,268,149,148,14,-38,63,609,34
-22,7,277,149,148,14,-13,38,557,32
-27,0,255,161,141,14,23,78,566,32
-14,9,265,161,141,14,10,72,548,31
-32,4,254,168,131,16,-82,99,571,33
-16,-1,286,168,131,16,108,33,584,32
-21,14,270,175,126,14,-72,105,593,35
-30,8,276,182,111,12,-129,74,570,34
-22,4,261,182,111,12,-22,120,567,33
-29,4,264,183,106,19,-33,96,546,33
-24,1,268,183,106,19,-117,65,549,33
-25,1,288,190,95,11,-27,75,514,32
-23,1,287,190,95,11,5,-18,444,29
-21,5,261,191,90,12,-88,38,476,31
-20,0,272,191,90,12,-41,78,510,31
-25,4,261,198,79,12,-75,108,492,33
-16,4,266,200,72,20,-46,46,507,31
-24,-4,275,200,72,20,-79,-37,536,34
-9,-4,284,203,59,19,-79,-116,570,34
-14,-4,266,203,59,19,-90,-125,559,33
-12,-9,259,206,52,22,-59,-27,558,33
-10,-3,267,206,52,22,26,41,556,31
-23,-1,262,211,40,9,-25,130,534,33
-13,2,264,211,40,9,73,118,529,30
-18,3,280,211,36,6,135,125,502,32
-4,8,264,217,24,8,-20,145,540,29
-14,9,280,217,24,8,82,29,568,30
-23,9,259,213,13,14,85,4,568,29
-11,11,259,213,13,14,55,52,603,32
-32,9,268,213,4,9,10,105,560,29
-20,14,267,213,4,9,-39,143,526,31
-20,15,254,215,-4,8,68,169,494,30
-8,13,268,215,-4,8,-75,164,488,32
-16,7,266,218,-18,6,-83,51,471,31
-12,15,256,218,-18,6,-52,58,491,32
-7,9,258,219,-28,4,-147,14,506,32
-25,9,274,219,-28,4,25,-52,497,30
-3,16,265,211,-35,6,-120,31,577,33
-15,7,257,215,-46,8,-178,-12,620,33
-15,4,268,215,-46,8,35,-28,671,32
-22,8,258,212,-55,10,-138,40,744,33
-22,3,260,212,-55,10,-2,37,743,32
-17,6,260,212,-69,4,146,165,810,32
-13,-2,294,212,-69,4,-127,289,876,34
-15,2,262,208,-87,13,-16,250,793,32
-9,0,286,208,-87,13,44,73,692,30
-3,13,259,205,-92,10,156,-51,702,34
-18,22,260,197,-108,7,83,-79,776,33
-6,15,271,197,-108,7,52,-123,845,34
-28,21,285,193,-119,10,37,-49,894,34
-15,24,272,193,-119,10,-160,75,979,36
-22,22,262,185,-137,2,-68,91,1058,33
-15,8,261,184,-148,-1,-135,137,1071,35
-6,-13,265,184,-148,-1,-119,119,938,36
-13,10,285,166,-174,13,-92,181,867,35
-3,13,265,166,-174,13,-133,240,980,36
-14,7,278,152,-179,13,-238,250,987,35
2,10,255,137,-193,16,-237,74,960,33
0,-8,281,137,-193,16,59,-25,845,33
7,1,280,131,-204,10,-167,-78,743,33
0,-11,280,131,-204,10,-140,-85,697,36
-14,10,267,120,-203,22,-160,-39,661,36
-6,4,282,120,-212,23,-106,-23,674,35
-15,2,264,112,-212,23,-120,31,646,33
-14,10,253,96,-216,11,-15,36,678,32
14,-12,278,96,-216,11,59,-32,609,34
-7,2,255,89,-226,17,20,-11,640,31
-10,11,263,89,-226,17,14,1,608,32
-12,19,267,77,-226,17,79,52,645,32
-14,8,262,77,-226,17,-133,142,701,35
-11,11,272,67,-225,15,-97,127,698,33
5,0,279,57,-237,16,-44,91,689,30
0,1,276,57,-237,16,5,79,723,28
16,9,260,43,-239,12,-13,18,718,32
2,2,273,43,-239,12,38,-44,683,30
-1,-6,296,30,-244,19,5,14,683,31
-11,11,267,30,-244,19,-135,-14,667,35
-12,0,266,21,-249,10,25,-75,582,31
-12,7,276,21,-249,10,-37,-3,594,33
-15,11,261,9,-254,18,-171,12,602,33
-4,8,250,-1,-250,16,10,-95,559,32
-5,11,267,-1,-250,16,-18,-91,520,33
-14,12,260,-9,-251,11,-10,-73,439,35
-12,11,252,-9,-251,11,-47,-96,407,34
-6,2,264,-17,-253,9,-13,-134,317,33
-21,0,288,-17,-253,9,23,-71,259,33
-30,13,255,-23,-252,9,-152,33,186,34
-23,-4,281,-24,-248,15,-27,18,124,35
-15,0,268,-24,-248,15,-99,28,103,33
-18,12,262,-24,-248,8,-35,16,63,33
-14,3,277,-24,-248,8,-77,59,-5,31
-20,10,261,-29,-250,4,12,31,-63,32
-30,4,278,-29,-250,4,-10,45,-62,31
-26,17,264,-27,-252,10,-45,29,-16,35
-30,-1,278,-23,-246,12,-38,-3,-7,34
-26,3,278,-23,-246,12,14,-11,-6,32
-25,1,266,-21,-248,4,-75,59,-72,33
-28,8,259,-21,-248,4,-61,19,-151,33
-24,1,282,-21,-246,13,-10,-46,-250,36
-28,19,257,-21,-246,13,-11,-101,-346,37
-28,-3,275,-13,-246,-2,-83,-76,-365,36
-34,2,289,-7,-247,7,-109,-68,-344,34
-35,-2,283,-7,-247,7,-27,-111,-312,34
-25,-2,287,0,-244,1,14,-55,-297,33
-31,0,271,0,-244,1,-152,27,-336,32
-23,-3,264,8,-255,2,-68,23,-399,33
-27,6,276,12,-248,0,-55,31,-479,32
-25,7,264,12,-248,0,-150,61,-549,34
-15,5,249,23,-240,3,-85,27,-645,33
-29,-2,267,23,-240,3,-57,7,-634,31
-39,-5,271,37,-236,7,-106,27,-623,35
-19,-15,272,37,-236,7,-32,94,-651,34
-26,-4,269,51,-242,3,-77,128,-654,35
-29,-3,256,59,-231,2,-108,139,-707,35
-31,8,255,59,-231,2,-135,82,-756,34
-33,9,268,74,-230,-4,-29,65,-736,34
-25,21,251,74,-230,-4,-75,110,-706,35
-26,1,278,80,-223,10,-120,44,-708,35
-14,5,253,99,-222,5,-42,16,-667,31
-20,18,256,99,-222,5,43,3,-614,31
-24,2,256,108,-211,2,-19,-42,-607,34
-40,5,272,108,-211,2,86,-14,-592,34
-23,7,261,115,-205,-4,-11,107,-615,36
-23,3,272,115,-205,-4,-12,125,-643,35
-28,10,270,125,-199,8,-62,109,-703,36
-12,11,260,137,-187,0,-189,63,-780,35
-25,6,285,137,-187,0,13,-58,-739,34
-34,-15,262,147,-179,-1,-182,-112,-821,40
-27,-17,287,147,-179,-1,-100,32,-837,37
-33,15,263,163,-170,-1,-92,35,-815,36
-25,-5,286,169,-154,9,-95,69,-797,33
-27,15,261,169,-154,9,-62,60,-735,34
-15,8,281,173,-146,0,-87,11,-694,33
-19,5,266,173,-146,0,-180,58,-637,34
-31,8,263,193,-129,-1,43,34,-652,34
-23,0,276,187,-121,9,-22,60,-624,33
-20,2,257,187,-121,9,-40,97,-629,34
-20,10,260,195,-112,-2,205,20,-623,35
-18,19,273,195,-112,-2,-13,1,-601,35
-33,16,256,197,-98,-1,-157,5,-598,33
-22,8,288,203,-87,4,-95,-17,-596,32
-29,2,256,203,-87,4,-38,54,-546,33
-24,10,277,208,-75,7,-62,119,-521,34
-21,18,265,208,-75,7,-88,88,-511,34
-32,3,288,207,-67,4,88,26,-503,31
-32,10,269,207,-67,4,1,103,-462,33
-37,14,268,211,-60,6,-396,201,-479,35
-12,-20,275,213,-50,4,-273,181,-474,37
-29,-3,267,213,-50,4,-246,201,-407,35
-25,-2,265,213,-41,14,-172,139,-395,35
-16,-26,286,213,-41,14,-207,66,-375,36
-11,-20,276,211,-34,18,-128,-22,-313,37
-6,-27,272,216,-25,22,-57,-17,-298,36
-26,-21,266,216,-25,22,-28,-108,-256,38
-25,-9,260,215,-22,6,-44,-87,-141,34
-35,-26,261,216,-20,11,-41,-66,-63,36
-23,-37,267,216,-20,11,-50,-90,36,34
-13,9,252,218,-19,22,301,-105,-7,34
-32,11,258,218,-19,22,241,34,-115,35
-35,5,277,215,-13,8,-350,28,-156,33
-21,-9,284,215,-13,8,-345,53,-134,35
-38,-16,264,217,-10,18,-186,3,-77,33
-29,-42,282,213,-12,21,-611,11,-27,35
-20,-28,269,213,-12,21,-595,79,-22,35
-25,-29,258,217,-5,32,-788,42,-35,34
-36,-39,275,217,-5,32,-1091,76,-15,36
-31,-66,272,209,-6,57,-682,71,-16,34
-19,-85,250,214,-7,55,-641,16,-5,34
-32,-60,258,214,-7,55,-752,22,-28,34
-29,-84,263,211,-6,78,-591,-2,-29,35
-26,-73,247,211,-6,78,-638,0,-13,33
-34,-81,257,208,-6,86,-657,127,-36,35
-38,-97,241,207,-4,97,-137,141,-40,35
-37,-98,239,207,-4,97,-809,24,-4,32
-16,-112,235,203,-3,115,-942,-23,-28,38
-40,-120,237,203,-3,115,-569,19,-44,36
-33,-114,234,197,0,128,-417,29,-3,34
-28,-124,224,195,-5,132,-879,34,-38,37
-40,-133,225,195,-5,132,-638,72,-79,36
-17,-150,217,185,3,152,-600,91,-41,36
-29,-167,228,185,3,152,-813,122,-44,36
-28,-158,211,178,1,160,-932,88,-41,35
-31,-186,212,171,4,164,-1183,75,-38,37
-23,-183,190,171,4,164,-1359,104,7,35
-27,-195,175,159,7,185,-1533,94,4,35
-27,-211,162,159,7,185,-1497,178,78,36
-29,-220,166,159,7,185,-902,114,47,35
-18,-220,138,121,6,220,-514,58,39,34
-22,-206,131,121,6,220,-426,0,-14,33
-17,-231,143,118,8,220,-683,-9,-48,36
-13,-227,129,114,14,228,-602,-44,-56,37
-22,-239,119,114,14,228,-636,-9,-63,37
-30,-247,128,98,11,232,-746,22,-24,36
-38,-228,102,98,11,232,-692,55,1,33
-34,-235,96,83,11,244,-470,38,8,33
-35,-248,96,81,5,245,-511,20,6,31
-37,-237,85,81,5,245,-372,28,29,33
-29,-243,80,72,9,244,-380,39,53,31
-32,-241,82,72,9,244,-540,75,86,33
-29,-247,82,67,8,256,-535,100,58,33
-31,-238,69,67,8,256,-419,107,37,33
-23,-257,69,56,11,260,-546,77,20,34
-37,-252,61,56,11,260,-580,107,45,34
-26,-249,51,46,13,264,-405,91,29,34
-25,-240,53,37,12,260,-376,69,-20,34
-38,-244,44,37,12,260,-369,68,-50,34
-37,-248,35,32,16,270,-243,7,-30,32
-40,-251,46,32,16,270,-211,37,17,33
-33,-247,47,29,16,262,-175,28,3,33
-29,-258,28,29,14,262,-265,44,57,33
-24,-274,41,27,14,281,-26,-17,85,34
-29,-273,47,27,10,276,-20,-24,64,33
-30,-260,57,27,10,276,315,-35,26,34
-24,-271,49,30,11,259,536,-72,-4,32
-26,-259,45,30,11,259,1025,-124,8,34
-34,-247,87,48,10,254,91,12,-5,31
-30,-265,56,51,7,249,35,41,-34,31
-34,-271,80,51,7,249,470,72,37,32
-36,-235,65,57,9,249,268,108,38,32
-21,-259,76,57,9,249,93,127,46,32
-34,-262,79,58,12,250,468,87,96,31
-31,-256,98,58,12,250,537,74,114,34
-15,-274,95,69,11,256,888,40,58,32
-21,-250,105,69,11,256,1025,1,54,34
-18,-228,99,84,12,234,733,12,19,32
-39,-230,108,107,11,236,646,21,-10,36
-35,-246,139,107,11,236,618,61,34,35
-38,-218,133,107,12,228,369,50,23,34
-32,-236,138,107,12,228,294,56,8,33
-36,-226,154,119,3,225,544,67,13,32
-28,-228,163,119,3,225,687,50,-7,34
-37,-209,159,125,11,216,619,27,-11,35
-29,-200,150,134,12,214,868,-1,20,35
-31,-200,166,134,12,214,808,-3,46,35
-33,-191,170,143,16,200,799,16,41,34
-28,-212,206,143,16,200,868,-16,8,35
-31,-165,185,158,12,188,898,-25,11,35
-31,-170,204,165,10,165,509,-21,-16,37
-22,-187,207,165,10,165,583,-38,38,36
-41,-178,219,171,10,165,937,-58,81,34
-24,-143,212,171,10,165,884,18,67,34
-47,-140,231,183,10,150,395,75,25,34
-30,-156,236,185,11,142,903,53,11,35
-44,-120,224,185,11,142,890,139,55,35
-25,-129,239,195,8,110,231,162,3,33
-34,-134,244,195,8,110,192,154,24,35
-40,-117,237,195,12,114,1063,113,21,36
-22,-105,249,203,10,94,640,49,13,34
-38,-100,260,203,10,94,479,0,-11,33
-21,-114,266,203,13,92,913,-53,4,33
-22,-82,268,203,13,92,749,-44,41,32
-38,-68,284,209,13,78,-2,45,73,31
-38,-79,278,209,13,78,343,58,64,33
-31,-54,248,206,10,71,704,73,81,32
-31,-46,261,213,13,51,487,65,89,33
-42,-44,263,213,13,51,338,57,72,32
-37,-42,278,211,11,44,460,72,55,32
-18,-47,269,211,11,44,508,74,37,31
-22,-41,273,213,11,33,349,68,23,33
-33,-30,274,213,11,33,385,62,18,32
-27,-36,284,210,13,25,198,20,42,33
-37,-25,268,210,13,25,203,42,51,32
-36,-19,283,213,11,22,368,52,42,32
-27,-13,272,206,13,20,339,0,30,31
-22,0,266,206,13,20,215,-13,32,31
-35,-6,279,207,13,16,375,-40,34,33
-34,10,268,207,13,16,492,-69,58,32
-31,8,272,213,13,0,439,-101,72,32
-34,3,292,213,13,0,550,-84,62,30
-42,20,273,207,15,-7,675,3,59,30
-35,36,267,207,15,-7,486,44,120,32
-50,35,268,203,12,-8,550,92,96,32
-34,29,268,203,12,-8,672,132,76,32
-29,37,280,200,7,-14,460,95,78,32
-33,69,253,201,8,-44,404,117,19,32
-42,54,253,201,8,-44,445,48,-19,32
-21,69,265,195,10,-51,618,-2,54,33
-34,65,249,195,10,-51,736,-32,37,33
-28,88,256,189,11,-54,655,-89,-24,35
-28,104,248,189,11,-54,274,-38,61,34
-45,100,251,183,11,-65,138,-1,36,34
-40,91,252,183,10,-72,264,34,27,32
-27,89,258,183,10,-72,268,43,47,33
-50,101,254,183,14,-75,323,84,-9,32
-31,85,246,183,14,-75,405,83,11,32
-41,112,245,177,15,-86,384,45,23,34
-27,116,230,177,15,-86,342,90,77,33
-32,127,235,173,15,-90,460,158,47,35
-26,119,222,167,13,-97,718,92,29,33
-30,123,243,167,13,-97,887,118,70,35
-36,143,224,160,10,-115,477,102,55,35
-27,142,226,160,10,-115,377,52,41,35
-39,151,219,152,10,-115,980,84,62,34
-31,171,236,138,10,-131,1053,73,88,34
-24,169,205,138,10,-131,431,123,124,37
-36,169,220,129,6,-133,269,125,97,34
-41,194,203,129,6,-133,592,117,24,35
-29,205,193,128,9,-150,809,99,43,34
-29,176,197,128,9,-150,820,87,94,33
-24,218,169,128,9,-150,787,52,77,34
-21,190,202,102,6,-165,769,111,6,33
-34,216,165,102,6,-165,725,99,-96,35
-23,216,187,86,6,-169,875,131,-118,34
-21,226,151,86,6,-169,766,155,-70,34
-19,234,139,72,6,-175,709,220,-55,35
-9,236,129,59,3,-179,696,229,26,32
-20,216,132,59,3,-179,605,203,41,34
-22,243,111,47,2,-185,546,108,-10,34
-17,234,121,47,2,-185,659,112,-20,35
-27,255,95,36,0,-181,672,40,10,31
-11,255,88,36,0,-181,517,-13,87,32
-7,270,88,22,-2,-194,288,-93,190,32
-25,256,122,17,-2,-188,270,-122,134,37
-10,250,100,17,-2,-188,391,-117,172,37
-21,259,76,7,5,-197,497,21,160,31
-9,257,81,7,5,-197,460,180,184,32
-14,274,68,-4,3,-187,433,182,205,33
-26,268,75,-4,3,-187,464,171,162,34
-30,269,60,-9,-4,-202,328,176,95,33
-29,260,46,-17,-5,-197,306,186,-49,35
-20,258,67,-17,-5,-197,341,195,31,34
-25,249,41,-26,-10,-193,169,135,122,36
-26,274,55,-26,-10,-193,199,119,81,36
-33,268,35,-30,-12,-189,16,-42,95,34
-23,262,64,-31,-8,-194,-38,18,-16,35
-22,276,36,-31,-8,-194,-18,1,-9,32
-12,271,36,-31,-8,-193,-30,13,56,33
-18,278,33,-31,-8,-193,-324,107,-37,37
-25,255,52,-26,-7,-193,-71,64,-47,34
-14,267,59,-25,-10,-195,-567,17,30,36
-12,219,52,-25,-10,-195,-1083,-32,161,38
-42,227,78,-9,-8,-191,-78,32,-82,32
-28,267,73,-9,-8,-191,-370,-43,-125,36
-13,269,75,-4,-10,-195,-452,-89,-1,35
-9,261,87,3,-3,-195,-798,-24,53,33
-19,257,113,3,-3,-195,-899,-110,6,34
-28,263,98,18,-4,-189,-1261,76,-67,36
-19,237,106,18,-4,-189,-866,84,-108,37
-28,241,117,40,-2,-183,-1098,247,-36,37
-16,236,129,60,-13,-177,-801,126,-11,38
-19,220,162,60,-13,-177,-927,76,1,34
-19,225,154,73,-13,-171,-1219,-72,33,38
-11,216,176,89,-7,-169,-381,-120,-29,38
-18,220,163,89,-7,-169,-982,-64,28,35
-26,195,195,103,-6,-166,-1015,54,56,37
-21,208,186,103,-6,-166,-707,146,2,35
-18,183,201,113,-6,-157,-601,47,-15,36
-22,192,192,125,-8,-146,-1146,6,31,35
-13,165,198,125,-8,-146,-863,-9,87,34
-20,152,229,137,-6,-137,-1372,-41,81,38
-23,146,204,137,-6,-137,-727,16,57,35
-22,146,240,160,-8,-131,-1318,-16,51,37
-22,111,253,168,-9,-105,-1116,-50,55,38
-22,126,244,168,-9,-105,-915,-54,81,36
-37,115,242,179,-11,-93,-738,3,79,35
-30,103,250,187,-10,-80,-1002,89,59,36
-37,79,266,187,-10,-80,-784,118,36,35
-38,84,244,195,-12,-63,-632,198,-28,37
-26,74,271,195,-12,-63,-462,179,-31,36
-13,63,250,199,-14,-59,-955,90,-21,36
-27,54,261,204,-14,-34,-474,41,56,34
-33,58,258,204,-14,-34,-261,49,91,34
-27,55,265,203,-10,-24,-460,49,89,34
-28,43,261,203,-10,-24,-675,24,49,33
-18,28,273,207,-19,-28,-351,-41,20,36
-20,35,253,208,-14,-14,-450,-68,102,36
-25,15,285,208,-14,-14,-554,-18,111,37
-25,15,276,215,-17,-15,-597,-11,128,37
-30,-2,301,215,-17,-15,-421,132,122,36
-16,15,267,212,-21,10,-347,157,101,36
-31,3,277,217,-23,2,74,138,36,30
-23,19,259,217,-23,2,88,75,-5,31
-24,17,245,217,-24,2,-352,128,-15,33
-24,1,276,217,-24,2,-26,180,-1,30
-21,2,294,213,-21,2,-147,168,-49,34
-16,5,283,213,-21,2,-46,117,-14,32
-17,6,279,215,-21,14,-33,80,-15,33
-16,-6,271,215,-15,7,-61,103,-29,33
-17,11,264,215,-15,7,79,69,9,30
-8,-1,273,215,-20,-3,-76,71,31,30
-19,0,282,215,-20,-3,26,61,53,31
-26,10,271,210,-17,0,29,62,23,30
-8,-11,271,210,-17,0,-79,58,5,31
-9,3,275,211,-17,4,-42,80,32,29
-19,5,270,211,-17,4,21,64,26,29
-12,8,268,213,-15,6,-43,20,27,30
-25,7,264,213,-15,6,-89,7,25,30
-19,-1,272,217,-22,-1,-9,12,29,31
-21,7,260,217,-22,-1,6,-3,28,30
-24,12,264,217,-20,-2,13,5,26,29
-7,4,274,217,-20,-2,60,3,32,29
-13,6,275,222,-26,7,77,-4,34,29
-17,7,282,222,-26,7,-23,53,35,31
-23,10,263,217,-18,-4,-68,56,37,32
-22,12,263,211,-15,6,-43,35,20,31
-15,16,266,211,-15,6,-29,16,9,30
-18,6,279,217,-17,-2,-27,34,20,32
-17,14,271,217,-17,-2,-38,37,27,33
-22,-3,280,213,-20,5,-48,39,7,30
-17,2,275,213,-20,5,6,38,18,28
-12,2,275,218,-18,-1,-6,25,30,29
-26,11,266,218,-18,-1,-13,21,18,33
-13,10,274,215,-17,6,-63,25,5,30
-14,3,281,215,-17,6,-29,12,32,31
-22,9,281,215,-17,-1,-25,29,21,31
-9,10,273,215,-17,-1,-8,44,30,30
-14,15,260,217,-17,-7,-36,70,21,32
-16,11,262,217,-17,-7,-71,90,10,33
-13,6,270,217,-25,2,-24,68,2,29
-21,0,264,215,-12,-1,-63,37,29,32
-20,6,263,215,-12,-1,-62,-2,18,30
-20,6,260,219,-15,0,-39,-10,23,31
-28,9,264,219,-15,0,-61,7,8,28
-6,4,260,219,-21,5,-70,51,2,29
-9,1,263,219,-21,5,-30,57,20,29
-22,5,273,211,-17,4,-50,51,13,30
-11,5,277,211,-17,4,-27,49,26,29
-25,10,262,217,-17,-6,-28,35,33,33
-14,7,269,217,-17,-6,-36,41,27,31
-18,4,285,214,-12,3,-28,28,31,31
-12,4,265,214,-12,3,-44,22,27,29
-14,6,261,213,-13,9,-50,38,22,29
-14,10,261,213,-13,9,-60,42,40,31
-20,12,261,218,-17,0,-29,32,42,31
-24,11,267,218,-17,0,-37,43,28,32
-17,1,283,225,-21,9,-24,22,21,30
-16,-10,258,213,-16,3,-34,8,25,31
-17,10,265,213,-16,3,-50,22,34,30
-22,11,259,213,-18,3,-25,58,39,32
-15,10,259,213,-18,3,-31,41,33,31
-12,0,307,213,-13,11,-22,18,42,32
-11,6,265,213,-13,11,-60,29,37,31
-16,11,266,217,-13,-1,-28,28,42,32
-23,6,272,217,-13,-1,-27,42,40,30
-14,4,273,211,-14,9,-41,29,34,31
-16,3,266,211,-14,9,-51,7,34,29
-22,1,285,217,-19,0,-62,12,19,31
-17,16,255,217,-19,0,-90,15,12,30
-18,11,262,211,-14,9,-108,4,7,30
-14,5,267,214,-15,12,-33,-5,4,30
-11,3,272,214,-15,12,-6,29,29,31
-11,4,271,221,-19,1,-73,40,38,30
-14,3,265,221,-19,1,-90,34,48,29
-28,3,264,213,-15,4,-63,44,24,29
-18,-10,283,213,-15,4,-156,39,19,33
-22,2,288,213,-11,8,-222,40,13,32
-30,4,263,213,-11,8,-57,43,25,30
-18,9,255,213,-13,6,-61,26,33,31
-21,-6,271,213,-13,6,-116,1,37,30
-17,-6,274,213,-15,16,-16,-22,30,33
-15,-8,282,213,-15,16,-53,-22,30,33
-23,4,271,214,-18,4,-54,-5,17,31
-22,-14,263,214,-15,18,-112,39,4,33
-28,-10,265,214,-15,18,-64,42,2,33
-9,-25,283,217,-15,8,-54,42,19,31
-29,-5,265,217,-15,8,-29,58,25,31
-14,-4,272,214,-14,7,-38,39,32,31
-21,-2,266,214,-14,7,-36,41,19,31
-27,-4,277,217,-16,20,-43,49,18,33
-27,-12,278,217,-16,20,-21,33,28,33
-28,-3,263,218,-17,8,-37,34,28,32
-16,-21,269,215,-16,20,-45,28,21,32
-32,-4,259,215,-16,20,-19,26,21,32
-18,-13,265,213,-12,17,-21,17,25,33
-12,-9,264,213,-12,17,23,29,18,32
-25,5,261,215,-15,11,23,16,22,30
-28,-1,262,215,-15,11,-32,26,26,33
-34,-6,269,217,-13,7,-8,43,32,29
-24,6,268,217,-13,7,-91,46,30,29
-20,-21,284,216,-13,12,-35,37,29,34
-19,-2,280,216,-6,5,-74,38,31,30
-27,4,262,222,-6,5,-39,28,26,30
-20,0,260,214,-10,17,-48,31,28,31
-18,-9,268,214,-10,17,-75,34,17,32
-20,-2,253,213,-9,10,-37,29,22,30
-21,3,264,213,-9,10,-6,29,25,30
-17,-19,270,215,-11,17,-36,36,24,33
-25,-13,280,215,-11,17,-50,30,9,33
-18,-2,263,211,-9,13,-30,23,15,31
-18,-14,274,211,-9,13,-45,33,22,32
-28,3,263,213,-15,17,-49,59,23,30
-22,-19,290,213,-15,17,-7,63,39,33
-23,-12,286,220,-3,8,-59,49,32,31
-19,-12,264,219,-14,12,-14,44,44,33
-19,2,262,219,-14,12,-43,47,36,32
-29,-5,273,216,-13,17,-35,50,28,32
-25,-3,258,216,-13,17,-38,28,30,32
-18,-29,275,213,-14,17,-28,37,26,32
-19,-5,263,213,-14,17,-41,56,24,33
-22,7,266,215,-11,10,-37,52,26,31
-19,-10,283,215,-11,10,-38,41,38,34
-15,-6,262,221,-14,16,-13,29,31,32
-26,2,269,215,-12,17,-20,40,26,32
-30,-5,260,215,-12,17,-37,30,18,31
-24,-8,269,219,-14,7,-28,42,10,31
-17,-15,259,219,-14,7,-24,43,29,33
-23,0,266,217,-11,11,-44,32,34,31
-28,-5,261,217,-11,11,-30,22,15,33
-26,-5,269,216,-14,15,-46,37,13,32
-16,-9,261,216,-14,15,-33,44,20,32
-15,-4,267,216,-8,7,-26,48,28,29
-20,-7,276,219,-11,4,-42,49,26,32
-25,-7,281,219,-11,4,-22,42,28,31
-23,2,261,215,-12,9,-50,51,29,31
-27,-8,269,215,-12,9,-24,47,30,31
-13,-2,263,219,-12,4,-42,52,30,31
-13,-5,265,219,-12,4,-30,42,42,31
-26,-7,268,222,-18,16,-34,44,29,33
-21,-24,276,222,-18,16,-24,38,23,34
-27,-9,260,218,-12,15,-49,31,20,32
-25,-3,261,218,-12,15,-35,38,23,33
-10,-5,271,212,-6,3,-27,37,31,29
-1,6,273,217,-15,15,-36,17,30,30
-20,3,262,217,-15,15,-25,17,26,31
-18,0,262,215,-12,16,-50,46,21,32
-23,-8,266,215,-12,16,-20,57,38,32
-21,-13,278,213,-13,14,-33,58,52,34
-29,1,269,213,-13,14,-26,56,45,30
-19,0,266,215,-14,15,-22,52,26,31
-15,-4,260,215,-14,15,-55,33,21,32
-23,-5,262,217,-9,11,-42,45,41,32
-13,-14,277,217,-9,11,-36,42,40,32
-23,2,263,217,-9,11,-45,23,33,30
-16,-19,267,213,-14,14,-55,33,29,34
-26,-5,268,213,-14,14,-16,28,40,31
-28,-8,270,214,-14,21,-48,35,24,33
-18,-24,279,214,-14,21,-55,33,30,33
-23,-7,279,215,-10,14,-23,43,38,33
-20,-2,258,215,-10,14,-39,47,39,32
-16,-5,268,215,-13,12,-6,38,29,32
-19,-1,259,213,-12,10,-42,39,20,31
-9,-17,269,213,-12,10,-23,27,32,32
-23,-7,274,211,-13,14,-21,36,48,32
-18,1,276,211,-13,14,-15,47,43,31
-18,-10,271,218,-13,10,-14,45,25,34
-15,6,253,218,-13,10,-53,42,30,31
-21,-11,278,215,-9,11,-15,45,44,33
-25,-5,275,215,-9,11,-27,36,35,30
-14,1,264,215,-16,9,-44,31,21,31
-23,-9,279,215,-16,9,-19,36,20,31
-19,1,265,220,-17,15,-37,42,32,32
-14,-20,258,216,-11,10,-23,44,32,33
-18,-1,264,216,-11,10,-19,48,24,33
-33,-6,261,217,-12,9,-59,30,25,30
-12,1,260,217,-12,9,-21,15,25,30
-14,0,263,217,-17,10,-41,22,27,31
-16,-7,291,217,-17,10,-36,44,29,32
-13,-1,257,217,-13,10,-49,56,21,33
-10,-5,264,217,-13,10,-25,38,30,32
-23,-8,274,217,-12,15,-31,42,33,32
-13,1,254,213,-14,16,-2,57,50,29
-25,-2,266,213,-14,16,-43,39,28,33
-19,-9,283,218,-11,4,-22,33,28,31
-20,3,264,218,-11,4,-5,29,37,30
-6,-22,280,216,-11,7,-28,43,42,31
-17,-21,285,216,-11,7,-16,63,39,32
-13,-1,265,214,-16,13,-38,42,33,31
-14,4,267,214,-16,13,-49,41,29,32
-18,-4,276,214,-15,20,-37,41,24,32
-20,-4,276,214,-15,20,-43,50,25,32
-13,-15,274,216,-15,5,-29,33,30,33
-14,2,264,217,-12,7,-31,23,23,29
-19,-3,272,217,-12,7,-43,33,18,31
