-23,7,285,285,-11,-200,-54,-14,28,5
-23,7,285,285,-11,-200,-47,-8,27,7
-11,-3,291,285,-11,-200,-36,1,28,33
-15,6,269,287,-14,-196,-42,78,23,34
-16,6,268,287,-14,-196,-45,113,15,33
-12,2,279,283,-16,-190,-44,45,-12,34
-20,5,268,283,-16,-190,-5,88,-3,32
-14,5,280,300,-20,-208,39,1,1,30
-19,4,271,292,-7,-200,-56,-7,-8,33
-17,4,270,292,-7,-200,-21,33,21,32
-8,13,263,287,-16,-194,-23,32,12,34
-13,4,276,287,-16,-194,-15,22,-3,32
-17,11,273,287,-15,-194,-83,49,32,34
-12,1,270,287,-15,-194,-54,19,15,33
-15,6,290,293,-21,-186,-26,-10,18,35
-18,-6,266,283,-17,-192,-30,-72,35,36
-24,2,266,283,-17,-192,-38,-30,-41,35
-21,1,260,285,-2,-196,-115,46,-38,35
-23,8,276,285,-2,-196,-59,-33,10,33
-18,5,261,285,-12,-196,-19,-16,8,34
-23,2,273,287,-8,-200,-68,-62,13,33
-23,7,265,287,-8,-200,-125,-35,23,34
-26,-1,282,287,-11,-194,-65,13,25,34
-25,7,277,287,-11,-194,-72,3,12,32
-25,1,279,283,-10,-188,-89,-22,12,35
-23,6,279,283,-10,-188,-39,-68,-10,35
-20,1,276,287,-9,-194,27,-87,-55,34
-22,1,273,280,-3,-183,21,-138,-49,34
-26,-1,279,280,-3,-183,-55,-279,-42,37
-26,6,266,287,2,-193,-9,-312,-44,34
-44,6,278,287,2,-193,18,-405,-50,33
-49,3,278,287,5,-194,21,-506,-7,32
-51,12,272,284,23,-196,-25,-551,-4,35
-63,4,268,284,23,-196,-16,-591,10,35
-73,6,271,283,23,-193,-86,-628,0,33
-67,7,262,283,23,-193,-55,-739,-23,36
-86,4,269,283,37,-190,47,-677,-24,35
-96,-9,269,283,51,-191,-47,-546,-2,35
-94,5,263,283,51,-191,28,-574,-9,34
-99,10,253,281,62,-188,17,-514,-27,35
-108,10,254,281,62,-188,-104,-452,-10,39
-117,6,250,275,64,-180,-75,-405,-14,37
-128,9,250,281,75,-179,0,-372,-36,33
-123,10,244,281,75,-179,-19,-311,-55,37
-123,13,230,275,75,-173,1,-168,-28,34
-129,9,256,275,75,-173,-5,-291,-48,36
-142,5,245,288,78,-191,-17,-496,-91,37
-133,12,239,281,89,-171,48,-555,-89,36
-153,11,231,281,89,-171,28,-531,-65,37
-156,17,234,275,104,-176,-21,-520,-75,38
-169,14,229,271,107,-162,-3,-494,-43,37
-167,11,224,271,107,-162,61,-426,-60,38
-178,15,218,272,107,-160,-5,-505,-90,37
-182,16,210,278,117,-150,-2,-442,-47,38
-183,13,214,278,117,-150,16,-459,-61,38
-186,22,197,283,120,-166,10,-457,-67,37
-192,19,198,283,120,-166,-3,-425,-33,38
-200,19,197,270,131,-140,-39,-386,-23,38
-208,24,199,275,143,-141,-27,-362,-34,38
-204,18,191,275,143,-141,3,-382,-56,37
-215,20,191,260,145,-124,-10,-423,-53,38
-218,24,186,261,153,-119,-31,-418,-62,39
-211,23,174,261,153,-119,5,-474,-68,37
-222,25,168,268,159,-131,-31,-470,-34,38
-225,27,157,268,166,-129,1,-390,-51,37
-231,23,165,268,166,-129,-4,-345,-38,37
-233,23,163,255,163,-118,-22,-301,-19,38
-245,32,149,258,170,-112,-2,-287,-54,38
-237,28,154,258,170,-112,-18,-260,-40,38
-238,29,154,264,177,-110,-10,-346,-45,39
-248,26,147,255,175,-98,-16,-374,-30,38
-242,28,131,255,175,-98,-76,-415,-8,36
-252,26,139,256,182,-83,-59,-457,-6,37
-263,31,127,256,182,-83,-67,-438,10,36
-254,23,124,259,190,-94,-66,-443,4,35
-256,33,113,259,187,-81,-46,-417,-13,38
-256,26,113,259,187,-81,-75,-366,-21,36
-254,23,104,260,193,-71,-46,-326,-60,37
-253,37,94,269,187,-83,-49,-331,-68,36
-257,29,91,269,187,-83,-63,-327,-58,35
-269,38,100,258,200,-66,-41,-315,-87,38
-274,30,90,258,200,-66,-36,-340,-95,36
-266,34,83,255,199,-61,-23,-376,-114,38
-269,32,81,255,200,-55,-68,-359,-89,37
-271,39,69,255,200,-55,-44,-381,-105,37
-274,37,76,253,208,-44,-55,-381,-87,37
-271,39,52,251,205,-37,-26,-374,-113,37
-277,43,56,251,205,-37,-34,-376,-103,37
-262,41,48,250,213,-37,-37,-347,-81,37
-273,45,53,248,207,-19,-21,-352,-85,36
-284,39,41,248,207,-19,-14,-387,-66,37
-263,43,23,249,212,-15,0,-364,-96,35
-275,45,23,249,212,-15,26,-393,-109,36
-291,40,16,245,210,-14,-24,-512,-73,37
-272,56,14,240,213,-2,-16,-421,-32,35
-266,45,4,240,213,-2,-30,-359,-46,35
-279,46,3,237,222,3,-42,-347,-35,32
-273,47,-7,237,222,3,-36,-308,-24,33
-274,47,2,244,210,0,-35,-276,-41,34
-280,47,-3,243,215,16,4,-328,-53,33
-263,54,-20,243,215,16,-5,-356,-72,36
-274,54,-22,246,204,13,-49,-251,-3,35
-276,50,-30,246,204,13,-22,-69,34,35
-272,51,-25,241,210,17,-22,215,117,36
-268,51,-19,250,206,29,-13,419,139,35
-275,59,-14,250,206,29,-33,608,149,36
-269,45,-8,240,209,22,2,684,175,31
-275,42,-1,240,209,22,-21,664,151,34
-264,37,0,250,210,3,-22,597,86,30
-278,36,23,250,210,3,-42,505,54,33
-276,43,28,246,207,-21,-52,486,65,35
-288,40,28,249,206,-21,-45,532,77,34
-282,41,35,249,206,-21,-51,592,110,36
-271,44,33,256,202,-29,-64,645,138,35
-267,35,54,256,202,-29,-91,693,149,36
-278,35,65,254,204,-38,-74,711,152,35
-273,35,70,255,198,-45,-101,777,147,36
-263,32,76,255,198,-45,-80,789,114,35
-266,31,97,257,199,-62,-125,746,93,34
-257,37,96,258,197,-65,-66,707,72,35
-256,24,98,258,197,-65,-62,682,39,34
-252,33,104,269,186,-78,-119,693,70,37
-255,31,122,269,186,-78,-95,822,96,36
-252,21,127,259,178,-88,-74,826,60,35
-248,27,133,258,176,-96,-52,812,29,36
-241,27,144,258,176,-96,-53,798,24,35
-243,22,160,271,168,-114,-74,826,59,37
-233,24,157,271,168,-114,-75,876,63,37
-227,25,167,269,156,-129,1,904,25,34
-205,24,165,260,153,-129,-35,876,42,37
-205,22,172,260,153,-129,-40,968,130,37
-204,19,186,262,150,-140,-117,904,170,39
-200,16,212,265,134,-144,-146,790,179,39
-176,25,216,265,134,-144,-211,831,217,38
-175,12,230,266,123,-139,-40,828,93,37
-174,15,232,266,123,-139,-56,805,65,36
-163,21,233,270,105,-161,-75,819,49,35
-151,14,237,273,106,-170,-61,897,57,36
-139,11,235,273,106,-170,-84,989,115,37
-123,11,242,274,91,-175,-149,1065,118,39
-132,-1,255,277,71,-176,-40,926,96,36
-114,15,257,277,71,-176,-103,904,115,37
-100,12,268,275,62,-186,-82,881,82,36
-79,9,256,278,50,-176,56,621,25,32
-80,13,266,278,50,-176,61,512,21,34
-79,12,264,277,45,-196,-18,403,35,35
-83,6,270,277,45,-196,-42,188,30,33
-79,13,267,278,38,-192,-38,293,50,35
-66,11,269,278,38,-192,-110,441,99,35
-57,8,260,275,33,-195,-118,640,128,35
-53,4,273,276,19,-179,-72,828,160,33
-49,-2,277,276,19,-179,-169,804,178,36
-34,2,279,281,5,-190,-26,818,53,33
-25,1,288,281,5,-190,15,564,-37,32
-23,7,281,272,-5,-186,-50,390,-37,35
-17,9,274,278,-7,-192,11,367,-41,33
-13,11,284,278,-7,-192,-49,229,-36,36
-19,4,264,279,-12,-193,-203,381,30,35
-14,5,264,279,-12,-193,-47,338,86,34
-10,2,286,282,-14,-189,-111,290,89,35
7,-12,282,284,-26,-190,-92,481,89,33
3,0,270,284,-26,-190,-13,350,74,33
10,-2,269,279,-30,-190,-29,360,38,34
8,12,270,279,-30,-190,-42,388,22,34
27,2,264,280,-39,-183,22,388,46,32
28,9,268,280,-39,-183,40,382,55,32
35,6,261,280,-37,-196,50,394,40,33
41,9,270,282,-42,-190,-39,390,50,32
44,4,275,282,-42,-190,14,439,79,32
44,10,273,283,-54,-185,45,391,84,33
49,11,266,283,-54,-185,22,397,41,34
45,3,264,275,-61,-186,-62,490,58,33
61,4,269,275,-61,-186,19,514,74,33
63,13,259,279,-67,-183,7,589,45,32
63,12,253,271,-77,-181,53,517,22,33
80,4,267,271,-77,-181,-94,578,30,33
81,13,246,271,-75,-188,-27,524,38,34
88,13,251,271,-75,-188,-120,408,-29,37
89,9,243,275,-89,-173,-42,381,21,33
93,7,253,270,-97,-172,20,431,59,33
97,11,243,270,-97,-172,-48,423,49,34
102,3,255,268,-98,-165,3,463,39,32
114,6,250,268,-98,-165,-21,510,43,35
117,12,237,284,-112,-178,28,481,68,35
114,15,234,284,-112,-178,-20,431,18,37
114,14,235,286,-116,-178,-45,383,3,34
129,13,228,271,-117,-165,-36,458,25,36
127,11,236,271,-117,-165,-72,420,-1,37
139,12,227,265,-115,-145,-25,467,13,36
138,11,222,270,-127,-154,90,527,68,36
151,18,214,270,-127,-154,-33,469,35,36
138,14,206,273,-130,-153,-76,353,6,36
163,14,214,273,-130,-153,-115,447,-36,39
158,7,206,273,-131,-149,-67,398,-31,36
163,17,212,273,-131,-142,-166,288,-73,39
168,9,208,273,-131,-142,-102,360,-28,38
171,8,207,275,-143,-139,-66,428,9,34
161,9,197,271,-142,-142,-113,449,-31,38
178,7,202,271,-142,-142,-77,432,39,35
181,3,197,271,-143,-134,-3,409,58,35
179,10,189,271,-143,-134,-37,379,-7,37
182,6,185,276,-145,-126,-61,372,-7,35
184,1,191,275,-156,-125,61,430,28,35
190,12,181,275,-156,-125,12,409,10,34
193,3,171,273,-158,-121,-61,388,-1,35
198,7,171,273,-158,-121,-44,460,-9,35
201,0,169,275,-160,-116,-17,415,-54,36
204,11,177,271,-156,-118,-134,322,-109,40
190,3,154,271,-156,-118,-26,317,-59,36
211,3,174,278,-168,-100,-58,301,-84,37
211,-7,166,287,-167,-114,-25,299,-22,38
209,2,145,287,-167,-114,-50,288,-10,36
220,3,161,284,-168,-99,-41,348,5,34
204,-4,144,284,-168,-99,-68,332,-9,35
218,-11,146,275,-170,-98,-161,406,-64,39
228,-4,151,282,-168,-93,-86,454,-24,37
200,3,133,282,-168,-93,-79,417,-34,35
225,4,128,280,-163,-91,-258,426,-198,38
222,-21,135,277,-168,-75,-215,344,-75,38
215,-13,119,277,-168,-75,-108,271,-52,38
230,-13,130,278,-167,-72,-178,272,-80,39
226,-26,120,288,-173,-64,-199,245,-63,38
233,-26,114,288,-173,-64,-167,272,-35,39
222,-42,110,282,-161,-67,133,286,107,38
224,-9,116,282,-161,-67,27,226,85,34
240,-9,106,282,-161,-67,-10,266,74,36
231,-16,102,283,-169,-57,-60,333,70,35
241,-23,98,283,-169,-57,-63,282,30,35
245,-11,99,284,-170,-55,-42,348,30,35
233,-11,90,285,-174,-59,-61,385,8,34
240,-10,94,285,-174,-59,-140,413,-100,39
232,-25,90,282,-176,-48,-67,446,46,35
232,-8,84,282,-176,-48,14,477,105,35
239,-11,73,281,-175,-44,-28,418,36,36
247,-36,69,276,-173,-26,-2,470,124,35
248,-9,73,276,-173,-26,101,483,184,36
249,3,58,285,-183,-36,54,477,101,33
244,0,50,285,-183,-36,25,454,105,34
261,-2,59,281,-180,-23,9,421,134,32
245,-1,46,265,-180,-6,26,374,130,32
252,-11,40,265,-180,-6,26,354,143,35
253,6,33,280,-189,-15,5,337,72,31
248,6,27,280,-189,-15,-60,317,-2,34
243,0,16,275,-188,-15,-70,325,34,33
258,7,12,275,-188,-15,-24,290,47,34
248,7,15,280,-184,-7,-32,237,-46,33
261,1,10,277,-188,-14,-155,42,-86,34
256,4,11,277,-188,-14,-89,-184,-26,35
258,9,28,279,-182,-9,-110,-362,-99,34
246,-8,36,279,-182,-9,-170,-439,-72,37
246,-12,57,275,-181,-12,-56,-487,34,36
242,-18,57,277,-175,-19,-35,-529,-15,38
241,-6,60,277,-175,-19,-102,-474,-80,38
245,6,50,275,-183,-24,22,-435,-7,33
253,-10,72,275,-182,-27,23,-429,-17,37
250,0,67,272,-182,-27,22,-395,-43,34
234,2,84,278,-181,-45,-77,-419,-35,36
251,-3,81,278,-181,-45,-54,-453,-25,37
236,-9,92,275,-181,-53,-10,-440,-77,36
231,-13,86,277,-173,-56,-81,-475,-6,37
233,-3,103,277,-173,-56,-71,-523,-33,37
235,-9,105,276,-177,-49,-52,-534,-54,38
228,-3,115,276,-177,-49,-4,-625,46,36
235,-10,126,284,-172,-69,17,-647,21,36
230,-1,127,279,-165,-80,-77,-639,-70,38
212,-21,136,279,-165,-80,-110,-622,-18,40
213,-9,151,285,-167,-90,-120,-517,-30,38
213,-8,156,273,-157,-80,-118,-457,8,36
201,-9,147,273,-157,-80,-2,-422,51,34
219,-15,165,276,-157,-81,-93,-397,-38,39
186,-24,165,284,-151,-104,-154,-440,-90,40
186,-15,180,284,-151,-104,12,-531,-23,37
178,-16,171,280,-153,-104,60,-511,13,37
189,-11,185,289,-145,-125,13,-520,18,37
182,-13,196,289,-145,-125,-88,-546,-22,38
161,-17,200,283,-137,-116,101,-515,6,37
174,-11,203,286,-132,-134,93,-522,10,36
166,1,206,286,-132,-134,112,-515,6,35
154,2,204,281,-128,-139,134,-612,1,36
151,-4,220,281,-128,-139,100,-515,47,37
155,0,224,283,-122,-146,14,-495,28,36
135,1,218,285,-119,-152,199,-574,8,35
138,0,238,285,-119,-152,26,-409,30,35
131,9,224,284,-120,-158,1,-343,6,34
117,10,211,284,-120,-158,63,-405,3,35
122,7,235,273,-110,-165,-106,-423,-6,38
118,-4,240,273,-102,-168,2,-511,-42,36
113,8,245,273,-102,-168,53,-621,-33,36
93,2,247,274,-88,-174,-8,-669,-14,35
93,6,254,272,-87,-174,5,-653,4,30
82,12,260,272,-87,-174,69,-703,9,34
84,6,290,280,-69,-176,-2,-649,14,33
76,14,259,280,-69,-176,-70,-654,-31,37
58,9,256,271,-61,-180,63,-666,8,32
54,10,270,271,-61,-180,19,-607,26,34
44,14,266,275,-54,-196,105,-647,4,35
44,15,250,273,-39,-196,2,-578,8,32
29,17,264,273,-39,-196,85,-603,-5,35
11,20,265,269,-33,-202,109,-656,-21,35
8,18,273,269,-33,-202,91,-545,-8,33
-8,19,275,270,-17,-204,38,-529,-22,36
-19,8,265,275,-24,-206,57,-488,-31,35
-22,17,281,275,-24,-206,34,-453,-24,37
-19,22,266,266,0,-208,46,-476,-54,34
-26,22,266,266,0,-208,7,-398,-70,34
-28,20,282,265,4,-205,20,-397,-52,34
-35,30,264,258,6,-202,35,-429,-47,35
-39,18,271,258,6,-202,-92,-380,-61,36
-51,21,289,263,19,-198,-15,-276,-52,36
-57,25,271,263,19,-198,-59,-182,-25,37
-50,18,284,259,26,-212,12,-133,-67,34
-50,18,274,263,32,-208,-38,-38,-109,36
-58,19,275,263,32,-208,31,-97,-98,34
-63,25,259,268,29,-204,-25,5,-125,34
-47,33,260,268,29,-204,-77,120,-144,37
-58,28,270,258,32,-199,-27,15,-199,35
-52,29,269,249,39,-188,38,-58,-263,36
-55,30,267,249,39,-188,-26,-26,-269,37
-60,26,272,261,44,-204,14,-14,-287,35
-59,32,271,251,49,-188,-122,71,-201,37
-57,31,265,251,49,-188,-91,125,-220,36
-56,29,276,254,53,-206,-36,-23,-273,37
-52,33,261,254,53,-206,9,-22,-271,35
-64,30,273,259,53,-201,-33,19,-263,35
-53,34,268,254,57,-208,32,89,-298,35
-58,32,272,254,57,-208,-47,87,-286,34
-54,24,270,260,59,-213,29,4,-278,33
-61,36,271,260,59,-213,-58,71,-236,36
-52,36,273,257,60,-216,51,29,-288,34
-59,38,278,251,67,-207,31,12,-318,35
-55,41,266,251,67,-207,-31,9,-327,34
-54,39,276,241,70,-204,-33,92,-338,36
-50,38,263,241,70,-204,-29,102,-326,36
-49,42,270,232,78,-200,-101,148,-316,37
-61,32,290,239,83,-212,-2,90,-381,35
-51,45,274,239,83,-212,33,62,-412,34
-40,40,257,234,83,-200,-14,54,-442,36
-42,45,263,234,83,-200,10,46,-457,33
-45,46,265,224,95,-198,-43,72,-438,35
-49,41,274,225,107,-208,-123,54,-384,38
-45,48,274,225,107,-208,-7,18,-453,35
-43,51,265,223,112,-209,-96,84,-411,37
-34,54,261,212,113,-200,-36,88,-419,36
-52,48,266,212,113,-200,-71,161,-478,38
-30,46,272,219,116,-208,67,77,-524,36
-30,59,268,219,116,-208,-174,89,-383,37
-40,44,269,220,111,-222,-29,108,-452,38
-35,48,262,201,123,-201,-2,17,-472,35
-31,37,266,201,123,-201,-45,-36,-441,37
-26,52,267,197,130,-208,-2,-120,-379,38
-33,37,260,200,133,-203,-88,-120,-331,38
-37,46,270,200,133,-203,-91,-141,-380,39
-32,44,273,184,142,-192,-119,-201,-364,40
-45,38,275,189,146,-200,-3,-129,-523,37
-31,48,268,189,146,-200,-59,-34,-526,38
-37,48,271,182,156,-198,-151,30,-494,38
-39,52,271,182,156,-198,-161,130,-495,38
-28,50,273,181,168,-214,-78,192,-516,38
-36,46,264,171,170,-205,-110,251,-518,38
-28,49,269,171,170,-205,-247,246,-431,38
-19,42,273,164,166,-210,-120,76,-410,38
-23,48,271,159,165,-201,-168,233,-431,38
-23,34,280,159,165,-201,-124,83,-527,38
-12,43,260,159,162,-204,-174,-1,-554,38
-23,34,279,152,170,-202,-121,53,-613,37
-19,24,272,152,170,-202,-69,-154,-684,39
-21,32,255,141,176,-201,-204,-166,-654,40
-4,57,258,134,183,-198,-203,-3,-598,36
-27,30,278,134,183,-198,-138,19,-552,38
-12,31,264,118,187,-189,-320,205,-488,38
-5,38,273,130,180,-214,-87,24,-384,36
-20,25,277,130,180,-214,5,20,-262,34
-19,27,266,121,193,-196,-191,233,-214,37
11,34,271,121,193,-196,-18,119,-209,36
-24,24,270,113,189,-196,-147,178,-215,37
-8,21,281,116,184,-192,-132,166,-332,36
-4,27,272,116,184,-192,-5,50,-402,35
-19,22,278,109,184,-201,7,3,-494,33
-4,14,281,98,196,-206,6,-41,-550,34
-2,22,266,98,196,-206,20,-188,-493,35
-13,27,280,84,191,-199,-142,-47,-463,38
-11,22,283,84,191,-199,54,3,-532,34
-18,26,263,83,196,-197,23,55,-542,34
-8,22,253,68,198,-198,-235,154,-460,37
-5,31,288,68,198,-198,-108,168,-503,36
-6,18,278,71,192,-202,47,131,-530,35
-4,29,263,71,192,-202,-66,105,-480,35
-6,20,265,54,197,-197,-147,130,-476,35
-8,15,274,47,191,-196,-279,90,-495,35
8,17,276,47,191,-196,27,48,-435,32
15,15,263,56,183,-212,-12,10,-309,35
4,23,272,56,183,-212,-154,-20,-137,35
21,14,272,43,189,-202,-69,-42,100,34
1,21,268,46,191,-208,-120,-57,204,35
-8,20,279,46,191,-208,-8,-36,208,33
-1,20,270,45,198,-202,-31,-32,233,35
-9,17,279,45,198,-202,-21,-72,283,33
-13,18,276,52,195,-204,-48,-49,215,35
13,14,275,54,198,-202,-8,-39,256,33
-7,18,275,54,198,-202,-7,-26,367,33
-10,22,275,61,190,-191,-123,-82,379,37
-12,13,277,61,190,-191,-152,-93,394,36
-6,18,280,71,202,-194,-108,-122,409,37
-22,19,273,80,196,-182,-75,-182,382,37
-16,9,273,80,196,-182,-23,-186,478,35
-20,16,275,89,200,-180,291,-95,580,36
-25,17,275,89,200,-180,196,-97,608,35
-16,23,270,93,208,-187,-197,10,557,36
-32,16,281,100,205,-182,7,139,567,34
-26,11,278,100,205,-182,-49,125,656,36
-22,14,279,118,198,-187,-25,128,635,37
-28,21,272,118,198,-187,92,116,514,34
-23,20,264,116,190,-176,-3,36,487,34
-18,24,266,127,199,-186,-115,-51,524,37
-28,29,282,127,199,-186,-45,-82,449,36
-29,22,273,138,189,-178,-1,-139,413,37
-19,33,254,141,195,-180,52,-171,508,36
-34,29,270,141,195,-180,3,-73,635,35
-35,17,286,152,196,-176,40,32,590,34
-37,16,268,152,196,-176,24,-20,589,35
-33,21,276,159,190,-180,-14,22,588,36
-48,17,275,169,190,-180,-19,33,552,35
-32,31,271,169,190,-180,56,6,540,34
-40,22,277,174,177,-186,195,34,548,35
-40,23,269,174,177,-186,119,122,631,36
-33,22,275,180,179,-190,110,195,598,36
-34,24,275,183,168,-177,-1,187,626,34
-32,25,272,183,168,-177,-53,100,720,37
-39,19,272,195,160,-191,-103,74,706,36
-30,20,276,195,160,-191,-67,-12,644,37
-31,23,267,212,143,-213,51,26,608,35
-42,25,287,215,143,-189,83,106,575,35
-25,34,259,215,143,-189,120,101,605,37
-39,12,256,219,135,-197,-104,68,632,36
-37,19,263,237,126,-199,-283,-110,636,39
-40,23,265,237,126,-199,-210,-128,568,39
-52,21,288,247,117,-195,-49,0,483,34
-48,13,283,247,117,-195,-28,116,482,37
-38,19,270,246,108,-204,-126,166,454,38
-41,15,281,249,108,-188,-7,182,452,35
-45,18,270,249,108,-188,64,294,368,36
-34,13,273,254,96,-188,84,198,344,34
-38,15,272,244,90,-190,18,78,374,33
-39,23,272,244,90,-190,-30,128,413,34
-32,27,276,253,90,-196,178,175,363,35
-34,19,265,253,90,-196,92,119,412,35
-34,25,264,254,76,-201,165,39,360,34
-34,22,268,253,77,-202,-46,161,504,36
-29,16,279,253,77,-202,-12,110,537,35
-25,23,273,257,60,-206,20,54,450,34
-35,26,266,257,60,-206,-103,79,435,36
-27,19,270,266,47,-200,11,-30,363,34
-36,17,278,259,49,-202,31,35,355,34
-27,21,274,259,49,-202,0,129,349,32
-27,23,268,259,42,-202,-41,105,341,36
-29,19,275,259,42,-202,0,55,358,32
-28,13,277,258,34,-208,-13,60,359,35
-30,25,280,258,34,-208,-161,159,432,37
-23,23,277,263,32,-202,-159,182,459,36
-39,26,273,269,25,-201,-123,64,391,36
-25,26,265,269,25,-201,-55,8,386,33
-34,12,271,265,17,-198,-109,41,481,36
-28,20,284,265,17,-198,-155,140,572,37
-31,20,275,264,4,-202,-107,82,523,34
-26,13,261,273,1,-202,-122,-49,490,35
-28,16,277,273,1,-202,-100,-65,418,34
-20,14,262,275,-6,-194,-24,-16,382,36
-33,13,264,268,-15,-194,54,60,357,34
-37,15,270,268,-15,-194,-134,62,383,36
-28,12,272,271,-24,-197,-69,141,379,37
-31,5,276,271,-24,-197,-32,194,365,35
-32,9,274,262,-29,-196,-94,199,445,36
-38,10,280,264,-38,-189,-130,245,499,38
-27,10,278,264,-38,-189,-94,247,520,36
-28,8,266,267,-51,-190,-202,43,500,36
-28,8,281,267,-51,-190,-97,-38,449,35
-14,7,268,268,-49,-208,10,-108,430,36
-23,9,263,268,-64,-190,-66,-151,386,37
-32,7,275,268,-64,-190,-58,-111,388,36
-25,-1,265,280,-72,-204,-93,-90,412,37
-33,9,264,265,-69,-194,-49,-147,379,35
-50,4,285,265,-69,-194,-31,-10,375,35
-31,3,261,263,-70,-177,253,-108,368,36
-31,8,282,263,-70,-177,180,-85,302,35
-38,6,287,251,-77,-190,-33,-4,345,35
-38,15,267,259,-85,-198,132,15,383,35
-43,11,280,259,-85,-198,118,25,458,36
-34,12,275,259,-90,-215,-25,122,482,37
-32,10,287,259,-90,-215,64,139,489,35
-34,2,272,244,-97,-208,232,63,640,35
-43,16,290,235,-98,-209,115,157,615,36
-29,17,269,235,-98,-209,-148,149,664,38
-23,8,269,231,-118,-204,-152,199,757,38
-42,4,291,233,-126,-202,-297,205,691,37
-39,2,271,233,-126,-202,-148,79,716,37
-18,9,267,222,-137,-200,103,-34,669,36
-34,12,268,222,-137,-200,53,204,605,37
-33,2,266,211,-154,-214,223,134,693,37
-33,15,274,196,-152,-184,314,37,726,35
-15,20,271,196,-152,-184,34,253,678,36
-24,18,268,189,-158,-206,-48,166,675,37
-20,12,267,181,-169,-196,-42,73,598,36
-24,21,286,181,-169,-196,-137,105,557,39
-28,19,263,177,-179,-204,-93,-96,532,37
-31,23,278,166,-184,-203,-58,-164,492,39
-28,11,278,166,-184,-203,-238,-126,472,40
-29,12,285,159,-177,-202,-211,-76,468,38
-37,4,272,170,-188,-207,-243,-25,396,38
-32,-6,274,170,-188,-207,-114,35,386,38
-38,7,265,156,-189,-199,-96,176,399,36
-27,4,261,156,-189,-199,17,171,316,36
-32,-18,272,153,-192,-203,-69,70,438,37
-26,8,283,148,-190,-196,-146,138,350,38
-24,-12,273,148,-190,-196,5,39,314,36
-35,-2,269,138,-201,-196,24,-29,372,36
-22,3,267,133,-197,-194,-23,148,317,37
-26,5,262,133,-197,-194,47,157,309,35
-27,4,256,130,-200,-192,172,-39,264,37
-28,6,277,130,-200,-192,23,79,282,35
-23,-2,277,119,-198,-202,-93,33,372,36
-32,9,290,115,-205,-194,20,-16,382,36
-29,6,269,115,-205,-194,-3,46,328,33
-32,1,271,108,-203,-196,58,-61,445,35
-30,11,270,108,-203,-196,-199,5,496,36
-29,11,276,101,-206,-194,-405,119,471,38
-38,0,258,100,-207,-198,-321,-121,286,39
-25,-8,278,100,-207,-198,3,-122,225,36
-31,-2,272,92,-205,-196,-12,-45,176,37
-23,-18,259,95,-200,-205,177,-283,208,39
-40,5,270,95,-200,-205,205,-227,245,36
-42,3,284,89,-198,-207,44,-13,334,35
-34,-1,261,86,-200,-229,-56,49,415,35
-41,-1,275,86,-200,-229,39,-17,471,35
-42,12,279,84,-208,-222,-18,105,395,37
-49,7,267,84,-208,-222,-170,102,232,36
-33,4,272,69,-202,-206,-215,73,184,36
-44,7,274,64,-205,-196,-66,9,-30,33
-42,-11,277,64,-205,-196,151,-105,-116,40
-46,9,276,60,-203,-197,47,-28,-196,36
-42,-1,273,60,-203,-197,15,33,-172,35
-47,6,273,65,-198,-194,54,-21,-160,35
-51,4,283,75,-200,-207,99,-45,-296,34
-46,9,264,75,-200,-207,147,-59,-346,35
-45,8,274,76,-191,-216,-34,-15,-365,37
-45,21,275,82,-198,-208,-90,-35,-414,37
-46,11,276,82,-198,-208,-104,-51,-446,39
-53,7,269,87,-189,-208,14,-148,-409,37
-54,16,267,87,-189,-208,39,-14,-499,36
-50,7,266,94,-190,-214,-71,98,-565,36
-50,8,288,92,-188,-201,-79,75,-470,35
-56,18,270,92,-188,-201,-207,192,-536,39
-45,15,265,104,-190,-198,-339,303,-623,40
-47,5,254,126,-192,-210,-271,221,-563,38
-36,12,274,126,-192,-210,-246,267,-619,40
-35,1,271,136,-190,-206,-24,82,-699,37
-39,10,265,145,-189,-200,-29,17,-694,37
-36,0,278,145,-189,-200,-186,24,-665,38
-33,11,262,156,-177,-205,-47,-51,-643,38
-42,14,277,167,-169,-206,-119,-32,-666,39
-34,6,271,167,-169,-206,-147,56,-703,38
-38,11,264,177,-165,-200,-113,17,-673,38
-45,15,270,177,-165,-200,-117,103,-692,40
-40,0,271,189,-163,-194,-131,72,-655,38
-39,9,282,203,-157,-208,-115,16,-644,37
-33,8,274,203,-157,-208,-25,-38,-655,38
-37,13,269,207,-144,-206,-125,-9,-628,39
-44,10,273,204,-139,-197,-160,-32,-709,39
-39,9,264,204,-139,-197,-153,1,-690,37
-37,5,271,223,-127,-204,-50,11,-688,36
-47,10,265,228,-113,-198,-133,62,-597,39
-42,7,273,228,-113,-198,-42,27,-514,37
-35,9,272,246,-115,-214,170,-64,-554,37
-38,9,274,238,-96,-204,13,14,-521,35
-39,5,278,238,-96,-204,-198,102,-524,37
-40,6,273,247,-97,-199,-227,182,-558,37
-41,4,277,247,-97,-199,-234,258,-566,38
-42,7,269,245,-90,-182,-84,287,-554,36
-26,5,265,253,-81,-196,90,217,-537,35
-42,11,279,253,-81,-196,-56,232,-366,37
-27,7,279,251,-79,-194,-192,343,-247,36
-24,-3,285,259,-85,-194,-76,306,-248,37
-28,6,282,259,-85,-194,-135,50,-307,36
-25,1,277,256,-79,-176,-97,-83,-303,37
-13,-21,269,271,-69,-191,57,-62,-363,38
-28,1,281,271,-69,-191,-47,-63,-445,36
-35,9,269,268,-73,-186,-93,-91,-483,37
-31,7,266,268,-73,-186,-93,-82,-452,36
-30,9,270,270,-47,-190,3,-125,-398,35
-33,5,281,267,-42,-180,-80,-60,-383,37
-24,5,281,267,-42,-180,-184,-36,-335,37
-30,0,271,271,-32,-194,-129,-113,-362,39
-40,12,269,264,-24,-179,-24,-163,-360,39
-43,8,270,264,-24,-179,71,-173,-346,36
-44,10,280,271,-15,-198,40,-117,-359,38
-38,11,269,271,-15,-198,89,-58,-414,36
-49,11,276,271,-9,-192,181,28,-410,35
-42,12,270,270,-4,-200,84,-36,-422,36
-44,16,271,270,-4,-200,49,-23,-420,35
-46,20,267,270,11,-200,14,-104,-341,37
-55,18,271,267,15,-206,-30,-50,-250,36
-56,19,281,267,15,-206,-121,-63,-151,37
-55,21,268,267,16,-206,-113,48,6,33
-52,18,280,267,16,-206,-234,76,65,34
-57,13,276,270,14,-198,-199,106,63,36
-59,19,282,271,18,-200,-126,271,104,36
-45,-41,237,271,18,-200,266,-38,56,36
-40,24,244,267,13,-200,694,-140,27,36
-50,39,260,267,13,-200,187,-103,-57,36
-60,22,273,255,23,-206,-754,301,71,36
-48,3,275,271,9,-195,-1021,333,133,35
-39,1,273,271,9,-195,-737,188,84,34
-45,5,272,281,6,-187,-182,-2,139,34
-40,-7,276,281,6,-187,144,-198,22,33
-48,7,270,281,4,-184,6,-88,16,30
-49,4,262,279,14,-180,-70,0,29,31
-39,5,272,279,14,-180,-156,-40,44,35
-47,-10,269,281,12,-177,-265,21,-8,35
-52,-10,277,281,12,-177,-91,-38,-21,37
-51,-4,262,286,9,-177,-162,-4,50,33
-49,-33,274,286,13,-172,-216,0,38,34
-53,-6,265,286,13,-172,-301,4,22,34
-49,-5,260,287,10,-176,-144,-2,51,33
-46,-18,282,287,10,-176,-277,39,62,35
-47,-25,257,287,12,-172,-267,90,43,35
-52,-29,272,287,12,-172,-231,124,54,37
-55,-31,264,287,11,-170,-231,96,-4,36
-44,-33,275,293,5,-166,-579,234,97,35
-39,-47,269,293,5,-166,-515,198,3,35
-48,-48,268,304,-1,-148,-436,116,7,35
-46,-65,254,301,2,-143,-374,97,64,35
-41,-49,254,301,2,-143,-313,64,52,35
-50,-54,263,318,1,-152,-238,34,28,34
-46,-66,257,318,1,-152,-258,116,39,36
-45,-67,255,314,1,-134,-390,150,89,34
-30,-60,257,315,-2,-129,-407,239,86,36
-40,-76,268,315,-2,-129,-276,143,42,36
-35,-78,262,318,-4,-128,-184,128,28,36
-31,-75,263,318,-4,-128,-285,146,105,38
-36,-84,252,318,-4,-124,-525,170,98,36
-35,-93,264,322,-5,-116,-508,32,93,36
-33,-95,250,322,-5,-116,-674,128,120,38
-20,-109,248,335,-10,-102,-781,138,67,38
-35,-104,251,335,-11,-88,-519,129,58,38
-18,-116,239,335,-11,-88,-674,144,51,37
-22,-123,234,341,-16,-74,-468,18,5,35
-27,-127,235,341,-16,-74,-381,24,-22,38
-24,-142,233,335,-11,-61,-591,118,15,37
-27,-137,229,341,-17,-62,-570,37,14,37
-24,-158,227,341,-17,-62,-476,40,19,37
-19,-147,218,345,-19,-43,-420,16,0,35
-28,-157,229,342,-16,-42,-457,-5,-36,38
-21,-159,212,342,-16,-42,-519,34,7,35
-25,-168,227,341,-21,-31,-445,61,-33,38
-29,-172,214,343,-17,-19,-442,16,-25,38
-32,-173,207,343,-17,-19,-516,-116,-26,39
-29,-171,214,351,-25,-20,-410,-92,-17,39
-48,-175,186,351,-25,-20,-590,47,6,35
-32,-197,198,351,-25,-20,-756,108,81,37
-30,-183,190,340,-20,22,-205,-59,3,36
-28,-191,196,340,-20,22,-354,-28,-28,36
-55,-155,177,339,-18,21,-550,143,120,37
-22,-206,175,337,-14,30,-413,32,6,34
-25,-204,171,337,-14,30,-460,11,38,35
-35,-206,175,339,-20,37,-454,45,41,36
-25,-200,165,339,-20,37,-447,26,13,35
-27,-218,169,346,-21,42,-248,59,-21,37
-24,-208,160,340,-18,56,-275,100,2,36
-25,-223,161,340,-18,56,-365,45,-5,35
-28,-226,166,335,-16,60,-243,47,-26,37
-33,-210,155,341,-20,65,-252,37,10,35
-26,-214,153,341,-20,65,-189,99,-1,36
-29,-220,156,328,-22,75,-222,73,6,34
-24,-215,137,328,-22,75,-226,118,40,36
-25,-229,151,331,-17,73,-237,59,12,36
-30,-221,150,322,-12,75,-187,42,26,34
-19,-229,147,322,-12,75,-288,39,46,35
-29,-235,153,324,-24,91,-330,-14,2,35
-21,-236,148,324,-24,91,-230,35,-3,35
-25,-241,130,324,-19,91,-270,14,-40,37
-20,-226,136,322,-17,97,-370,-8,-25,36
-24,-233,125,322,-17,97,-135,150,-18,38
-32,-237,138,315,-18,104,-13,158,-45,38
-24,-233,121,312,-18,109,-294,13,39,36
-30,-243,140,312,-18,109,-339,63,37,37
-28,-237,125,316,-14,99,-338,182,-4,36
-26,-241,125,316,-14,99,-467,194,19,37
-28,-248,116,313,-16,103,-346,85,16,37
-26,-253,107,308,-17,122,-356,5,-2,35
-24,-244,99,308,-17,122,-317,-72,-20,38
-30,-258,114,302,-18,120,-368,72,2,35
-35,-242,100,310,-20,121,-423,-13,-2,38
-28,-250,94,310,-20,121,-357,-55,-18,38
-20,-246,80,293,-19,133,-385,-26,-49,37
-31,-251,104,293,-19,133,-295,90,5,36
-23,-253,79,292,-20,147,-254,48,37,34
-18,-255,74,294,-19,149,-373,68,60,34
-27,-251,73,294,-19,149,-303,5,78,35
-27,-261,76,279,-14,166,-292,23,94,35
-26,-264,68,279,-14,166,-352,-32,7,36
-30,-263,69,280,-31,160,-488,-50,-47,37
-26,-266,54,275,-20,155,-503,-181,-52,39
-30,-273,63,275,-20,155,-429,-220,-82,39
-26,-249,57,266,-24,176,-512,8,-73,35
-23,-258,39,260,-21,169,-367,-71,-14,38
-20,-263,55,260,-21,169,-285,86,7,35
-29,-258,24,265,-27,181,-141,289,42,36
-29,-266,18,260,-22,170,-183,281,43,37
-24,-263,32,260,-22,170,-65,173,59,35
-29,-265,31,253,-18,188,11,187,50,35
-27,-270,9,253,-18,188,-84,171,2,33
-29,-257,30,251,-17,186,-63,90,-6,33
-27,-259,28,259,-17,180,109,32,-21,35
-24,-255,29,259,-17,180,106,25,6,33
-25,-266,23,258,-15,175,170,-4,17,35
-33,-270,38,258,-15,175,233,94,-30,35
-26,-262,46,256,-23,186,272,140,-36,37
-29,-254,49,265,-17,170,226,201,11,36
-31,-251,64,265,-17,170,178,168,12,35
-32,-259,53,269,-8,170,61,-27,-13,35
-28,-259,65,269,-8,170,227,34,44,33
-26,-260,54,275,-16,159,380,-24,74,36
-28,-267,71,278,-17,159,579,-89,50,34
-25,-270,81,278,-17,159,595,114,23,34
-24,-260,88,286,-11,145,514,54,53,34
-26,-256,92,286,-11,145,571,-8,11,34
-23,-247,89,302,-23,144,497,36,32,35
-26,-248,102,313,-20,120,617,-20,14,36
-26,-241,113,313,-20,120,699,-17,39,37
-20,-236,127,304,-17,117,729,96,25,36
-30,-239,124,304,-17,117,716,100,18,36
-26,-241,146,315,-16,90,933,102,-32,37
-23,-233,149,325,-11,78,630,91,-38,35
-25,-225,160,325,-11,78,636,139,-49,36
-19,-218,158,332,-5,57,600,59,-73,35
-28,-208,159,332,-5,57,476,103,-36,35
-30,-199,178,344,-2,41,501,115,-27,35
-31,-212,176,339,-11,36,481,129,-10,35
-32,-201,171,339,-11,36,464,34,-17,35
-32,-183,186,342,-12,32,459,56,28,35
-27,-196,191,345,-13,18,575,30,12,34
-27,-193,204,345,-13,18,560,34,-6,35
-35,-188,198,345,-6,-2,431,71,11,33
-31,-201,204,345,-6,-2,574,84,-64,35
-35,-169,214,345,-7,-15,461,135,14,35
-25,-152,211,345,-7,-15,512,144,19,35
-25,-157,206,343,-2,-27,438,104,113,37
-27,-159,241,343,-9,-44,695,75,95,34
-24,-150,221,343,-9,-44,341,18,92,34
-22,-145,233,352,-17,-62,260,-70,2,34
-30,-141,242,352,-15,-67,457,-132,-21,38
-30,-137,230,351,-15,-67,522,-213,-38,39
-34,-129,243,340,-1,-72,453,-94,-18,36
-33,-121,237,340,-1,-72,269,46,-5,35
-28,-122,252,335,-2,-84,383,148,6,34
-33,-124,250,332,-7,-82,474,180,-11,36
-34,-101,260,332,-7,-82,667,101,-4,36
-28,-95,234,339,-7,-104,452,69,4,33
-29,-94,255,339,-7,-104,335,-7,24,35
-29,-81,266,329,-6,-110,543,120,52,35
-28,-67,251,319,-7,-123,748,117,30,36
-27,-67,236,319,-7,-123,462,122,-19,37
-21,-60,263,317,-6,-135,422,120,1,33
-21,-52,253,317,-6,-135,370,106,3,34
-18,-56,266,307,-11,-153,317,8,27,34
-22,-50,276,303,-9,-154,173,-68,33,36
-25,-52,264,303,-9,-154,444,-235,-16,38
-31,-42,270,299,-5,-154,247,-113,-15,37
-33,-28,271,297,-5,-161,289,-42,-25,37
-33,-31,267,297,-5,-161,403,69,-34,35
-34,-25,264,287,-2,-174,397,134,-3,36
-27,-21,263,287,-2,-174,348,93,-10,36
-31,-11,277,287,-2,-176,279,72,-5,34
-32,-6,267,287,-2,-189,197,101,1,34
-29,-1,271,287,-2,-189,399,60,-4,33
-28,7,266,279,-4,-190,382,86,31,32
-27,9,274,279,-4,-190,388,77,24,31
-32,12,274,272,-8,-189,364,165,45,35
-19,22,269,272,-8,-189,331,94,30,34
-20,16,273,261,-14,-210,371,40,-57,35
-36,11,282,259,-4,-206,279,37,-56,35
-22,33,271,259,-4,-206,203,16,-27,34
-29,39,276,253,-5,-211,111,46,14,34
-27,33,264,253,-5,-211,122,72,27,33
-27,43,264,254,-5,-216,158,70,12,33
-30,41,276,245,-6,-222,184,-2,35,34
-28,44,269,245,-6,-222,135,17,9,32
-28,42,270,240,-2,-212,185,75,0,33
-25,47,278,240,-2,-212,215,89,20,33
-19,49,268,243,0,-226,362,114,-14,35
-21,59,273,243,0,-226,267,-2,14,32
-25,53,259,234,2,-233,298,90,16,32
-18,54,262,228,-7,-239,244,87,38,32
-19,64,262,228,-7,-239,241,-23,21,35
-25,69,271,222,-4,-236,267,-17,-8,35
-23,70,272,222,-4,-236,154,-16,21,34
-29,75,250,215,3,-240,262,-22,0,33
-26,70,264,215,3,-240,204,18,3,31
-22,76,260,217,-1,-253,183,89,12,34
-21,75,264,205,4,-244,298,116,-27,34
-27,76,268,205,4,-244,219,120,-48,34
-24,83,256,199,-5,-245,72,82,-55,33
-19,99,250,199,-5,-245,127,83,-21,34
-24,81,274,197,1,-244,452,108,-70,35
-18,83,248,187,-4,-257,254,64,-37,34
-25,110,252,187,-4,-257,264,31,-50,36
-27,101,255,179,3,-249,371,12,-27,34
-20,114,246,179,3,-249,196,96,-9,34
-22,116,243,177,-4,-261,228,93,-13,36
-22,123,255,165,0,-264,375,26,-2,33
-25,121,245,165,0,-264,321,55,-12,34
-20,126,239,159,-6,-262,223,46,-1,33
-16,126,240,159,-6,-262,303,94,11,35
-13,123,240,156,-2,-270,391,-24,30,35
-24,133,235,156,-5,-281,292,-34,54,35
-24,144,245,148,-5,-281,282,51,21,35
-12,136,227,139,0,-264,375,-12,32,34
-25,147,228,139,0,-264,393,56,-31,35
-25,146,237,139,-3,-287,286,26,-29,35
-17,146,225,139,-3,-287,349,-29,-2,36
-29,169,219,139,-3,-287,353,15,7,34
-18,162,218,111,1,-278,218,100,29,33
-14,163,209,111,1,-278,236,50,12,34
-18,163,218,109,3,-278,439,17,-16,34
-21,167,210,109,3,-278,353,54,7,33
-14,173,206,96,0,-279,340,26,-8,32
-20,179,213,85,7,-280,377,59,-4,33
-20,185,206,85,7,-280,406,94,-38,33
-10,186,189,77,-2,-280,318,74,-5,32
-21,197,207,77,-2,-280,416,24,-50,34
-20,188,190,63,-1,-272,322,115,-27,34
-15,198,195,63,-1,-272,387,31,-41,35
-25,201,187,60,-2,-277,374,61,-10,34
-15,202,181,46,1,-274,407,85,-5,33
-15,216,177,46,1,-274,501,107,-15,34
-14,209,175,34,2,-274,520,131,-38,34
-11,214,160,34,2,-274,593,80,-7,33
-14,231,162,21,-5,-276,622,124,-11,35
-14,217,152,0,-7,-272,723,119,-88,34
-5,227,143,0,-7,-272,713,100,-64,32
-11,227,132,-13,3,-268,560,69,-1,34
2,231,111,-13,3,-268,548,5,21,30
-13,228,123,-24,0,-270,427,30,46,34
-5,252,124,-24,0,-270,578,-42,22,34
-15,261,99,-44,-7,-250,411,-5,24,33
2,247,111,-45,-8,-262,249,-2,39,33
-9,244,103,-45,-8,-262,342,-63,-4,33
-12,247,106,-55,-4,-254,318,7,-55,34
-7,245,98,-55,-4,-254,369,17,-69,33
-10,267,92,-63,2,-249,376,32,-50,34
-9,256,85,-63,2,-249,508,34,-83,32
-14,264,76,-74,7,-244,487,117,-12,34
6,260,87,-90,3,-224,781,184,-66,33
-10,272,53,-90,3,-224,725,223,34,33
-9,266,61,-101,-5,-215,602,284,67,34
-15,260,46,-101,-5,-215,270,286,-39,35
-3,253,37,-108,-4,-224,-51,147,37,35
-7,260,48,-112,-18,-218,58,51,-22,35
4,256,41,-112,-18,-218,-99,-16,1,33
5,260,53,-110,-12,-224,-68,-52,50,35
-9,260,49,-110,-12,-224,-180,-38,43,36
-5,267,42,-106,-15,-222,-670,-23,77,37
-6,255,65,-95,-10,-229,-866,-16,61,35
-11,269,79,-95,-10,-229,-921,90,70,35
-3,254,80,-77,-10,-240,-809,106,-2,36
-5,249,88,-77,-10,-240,-344,15,27,34
-8,254,85,-66,-14,-250,-272,-24,28,36
-8,256,96,-64,-5,-256,-343,-33,48,33
-8,246,100,-64,-5,-256,-347,-2,38,35
-9,248,100,-58,0,-256,-290,28,-38,35
-8,258,92,-58,0,-256,-558,8,-8,31
-7,253,119,-51,-6,-257,-522,-41,15,36
-7,246,118,-36,-4,-264,-417,-74,-41,36
-10,251,124,-36,-4,-264,-464,-12,-48,38
-10,234,125,-28,-5,-260,-378,-69,11,37
-18,250,130,-28,-5,-260,-577,-63,55,36
-17,230,138,-28,4,-250,-296,-21,57,36
-17,225,144,-16,8,-270,-496,26,69,34
-8,235,150,-16,8,-270,-617,48,86,33
-13,225,149,1,0,-274,-319,44,26,31
-10,222,149,1,0,-274,-206,8,-12,33
-14,224,153,5,5,-276,-389,9,34,32
-12,217,157,10,-5,-264,-450,-6,47,34
-17,226,171,10,-5,-264,-250,45,7,34
-16,212,167,16,4,-261,-335,47,40,33
-11,215,160,16,4,-261,-512,18,60,34
-20,219,164,30,5,-276,-281,33,18,32
-13,210,169,30,5,-276,-493,36,64,33
-14,213,180,36,1,-272,-505,14,89,33
-14,192,182,44,12,-280,-446,-49,76,35
-18,199,187,44,12,-280,-580,-71,113,37
-20,190,191,51,8,-274,-688,-116,186,36
-25,172,191,51,8,-274,-297,-121,83,36
-27,189,202,70,7,-273,-344,-45,54,34
-34,187,196,70,11,-266,-313,19,-2,34
-20,181,190,70,11,-266,-180,18,-57,36
-28,191,208,80,5,-270,-314,36,-82,34
-28,184,200,80,5,-270,-373,22,-85,34
-28,177,202,89,9,-277,-411,-25,-45,34
-31,175,202,96,8,-273,-607,102,-10,36
-33,164,214,96,8,-273,-735,158,74,35
-21,167,224,114,15,-276,-671,127,55,36
-18,158,218,114,15,-276,-600,116,53,37
-22,150,219,128,4,-268,-420,27,52,34
-27,147,228,135,5,-270,-439,-31,18,36
-25,140,231,135,5,-270,-414,2,11,33
-24,137,230,145,5,-265,-520,15,46,34
-26,133,240,145,5,-265,-475,-7,38,35
-31,117,235,152,11,-279,-527,-9,77,35
-28,118,259,165,8,-264,-753,88,99,34
-28,108,246,165,8,-264,-548,15,11,33
-38,102,246,175,5,-258,-372,-100,50,37
-32,103,264,175,5,-258,-442,-94,59,36
-32,101,250,192,15,-265,-420,-37,48,36
-39,92,251,190,8,-254,-390,-52,61,35
-40,82,268,190,8,-254,-346,-12,51,34
-35,85,244,199,15,-246,-365,-10,36,36
-29,83,260,207,10,-252,-312,-1,34,35
-38,81,266,207,10,-252,-187,71,-3,34
-33,79,271,212,14,-244,-124,42,-31,36
-48,77,263,212,14,-244,-252,29,-3,34
-38,79,253,214,8,-240,-536,81,33,33
-34,64,258,214,8,-240,-380,57,37,32
-42,72,271,220,3,-246,-234,49,20,34
-39,68,267,228,8,-235,-416,80,22,34
-35,60,247,228,8,-235,-400,77,23,33
-36,55,271,233,6,-229,-156,-20,1,34
-44,48,286,233,6,-229,-275,244,33,34
-34,52,255,234,1,-228,-632,343,126,36
-21,44,259,239,-1,-224,-481,307,83,35
-25,42,279,239,-1,-224,-279,160,65,36
-23,36,265,251,-5,-217,-338,199,51,35
-22,32,274,251,-5,-217,-234,123,30,34
-23,31,275,255,-4,-212,-249,111,29,36
-19,35,263,257,-8,-207,-214,77,53,34
-22,31,268,257,-8,-207,-355,81,89,35
-25,26,277,261,-9,-206,-465,-3,181,36
-25,13,267,261,-9,-206,-525,-165,76,36
-22,16,266,271,-9,-202,-296,-202,-23,38
-35,16,283,271,-11,-196,117,-134,-76,37
-41,8,274,271,-11,-196,-205,-13,-25,37
-28,10,274,271,-10,-195,-255,65,-23,37
-35,2,283,278,-6,-191,-201,57,-36,34
-30,10,267,278,-6,-191,-295,77,-27,36
-32,2,279,275,-7,-188,-98,64,-39,33
-37,-2,276,275,-7,-188,-58,70,-45,34
-34,5,270,281,-4,-187,-13,49,-40,33
-31,-13,284,281,-4,-187,15,-24,-23,35
-29,12,263,274,0,-173,-7,12,-25,33
-38,6,273,283,-1,-196,-72,10,-18,33
-28,7,269,283,-1,-196,-90,11,-1,33
-33,5,277,276,-8,-185,-26,-5,2,31
-30,4,272,276,-8,-185,-27,-9,-1,33
-34,6,266,279,-3,-192,-59,42,-2,31
-36,8,269,279,-3,-192,-46,41,3,32
-32,12,272,274,0,-174,1,93,-16,31
-34,6,271,281,-1,-192,-67,114,-5,33
-33,7,273,281,-1,-192,-123,72,20,34
-28,-3,275,276,3,-188,-53,35,10,32
-32,6,270,276,3,-188,-30,22,16,31
-32,4,274,290,-12,-192,-22,-10,10,33
-30,7,266,290,-12,-192,-51,9,2,32
-34,0,276,276,-8,-180,-63,88,-2,32
-32,5,267,276,-1,-196,-44,86,4,32
-36,2,272,275,-1,-196,-50,18,9,31
-36,-3,268,273,0,-178,-33,38,1,32
-34,6,272,273,0,-178,-56,27,-3,30
-32,3,273,282,2,-182,-64,7,0,30
-34,7,277,282,2,-182,-37,7,-6,30
-35,7,271,282,-6,-188,-42,62,-4,32
-29,1,280,282,-6,-188,-49,65,-6,33
-36,6,271,283,-5,-181,-37,50,-9,31
-32,1,276,283,-5,-181,-53,71,-7,32
-30,3,273,285,-2,-190,-15,56,0,31
-32,2,272,279,-3,-196,-60,36,8,32
-33,-6,280,279,-3,-196,-17,-18,2,33
-31,-9,260,280,3,-193,-37,45,9,32
-32,4,268,280,3,-193,-36,62,21,31
-33,6,269,281,-6,-180,-57,84,18,32
-35,5,278,281,-6,-180,-134,103,19,34
-33,2,274,287,-7,-199,-36,84,1,31
-28,5,269,287,-7,-199,-28,71,-13,34
-29,3,270,275,-2,-182,-50,76,-11,33
-43,-4,272,281,-4,-187,-69,62,-2,34
-26,1,268,281,-4,-187,-25,19,10,32
-26,-5,271,281,-4,-186,-2,-3,3,31
-33,-1,271,281,-4,-186,-18,-9,12,32
-30,-3,269,282,-7,-182,-91,46,30,34
-30,4,275,282,-7,-182,-64,17,23,32
-30,0,273,284,-8,-183,-6,13,9,31
-28,-3,283,284,-8,-183,-28,34,8,32
-34,7,274,284,-8,-183,-62,70,3,31
-29,1,284,281,-6,-186,-100,82,12,33
-30,3,273,281,-6,-186,1,62,-8,29
-37,2,267,280,0,-190,1,41,-19,31
-29,-2,273,280,0,-190,-113,39,-8,33
-34,-6,272,277,-5,-188,-70,16,4,33
-31,1,276,277,-5,-188,-4,50,2,30
-31,5,278,286,-7,-199,-71,56,10,32
-26,3,268,286,-7,-199,-102,66,8,31
-28,-5,270,287,-6,-177,-9,49,3,32
