-29,-7,268,308,-5,-115,-40,39,8,5
-29,-7,268,308,-5,-115,-41,39,7,4
-23,-8,263,308,-5,-115,-42,38,7,32
-25,-14,278,313,-5,-124,-42,38,8,33
-29,-2,273,313,-5,-124,-43,39,8,31
-24,-7,271,303,1,-106,-42,40,9,32
-21,-7,270,318,-7,-138,-42,41,6,32
-17,-10,267,318,-7,-138,-41,38,8,34
-23,-7,269,315,-6,-121,-41,40,7,32
-21,-9,273,315,-6,-121,-41,39,9,32
-22,-11,270,301,-1,-110,-42,40,7,33
-22,-17,276,301,-1,-110,-40,40,6,32
-21,-3,264,311,0,-127,-41,40,7,32
-30,-8,273,306,0,-128,-41,41,8,31
-23,-11,266,306,0,-128,-40,39,8,33
-20,-3,272,310,-1,-123,-41,38,7,32
-16,-9,268,310,-1,-123,-41,41,8,33
-20,-5,270,307,-3,-127,-41,39,8,31
-22,-15,281,307,-3,-127,-41,40,8,34
-24,-4,271,309,0,-126,-41,41,8,31
-23,-9,275,309,0,-126,-41,41,9,31
-19,-9,272,307,-2,-120,-41,40,7,33
-24,-9,270,311,-5,-122,-43,40,9,32
-20,-15,272,311,-5,-122,-42,38,8,34
-25,-9,273,303,-1,-122,-43,38,7,31
-20,-1,270,303,-1,-122,-42,40,7,33
-20,-3,276,305,-3,-122,-42,40,8,32
-24,-18,269,305,-3,-122,-40,40,7,34
-16,-18,268,310,-4,-126,-42,39,8,33
-20,-10,272,311,1,-124,-39,40,7,33
-18,-7,268,311,1,-124,-42,39,7,31
-24,-18,283,311,1,-126,-41,40,9,31
-20,-7,269,311,1,-126,-40,39,8,32
-18,-18,263,307,-2,-126,-41,39,7,33
-19,-12,272,307,-2,-126,-41,40,7,34
-22,-8,276,310,0,-126,-41,41,8,31
-23,-13,273,310,0,-126,-41,39,8,33
-23,-3,264,310,-5,-126,-41,39,7,31
-14,-28,271,311,-5,-124,-41,39,8,33
-25,-2,271,311,-5,-124,-40,39,9,32
-26,-8,276,310,-6,-122,-41,40,8,33
-20,-4,284,310,-6,-122,-42,40,7,33
-20,-13,267,307,-5,-121,-42,39,8,33
-22,-9,275,307,-5,-121,-41,39,8,33
-19,-15,272,312,0,-130,-41,39,8,32
-18,-4,271,305,1,-126,-41,40,8,31
-18,-6,270,305,1,-126,-41,39,6,31
-21,-9,275,308,-9,-122,-41,38,8,33
-18,-2,264,308,-9,-122,-41,38,9,32
-24,-9,278,304,0,-122,-41,40,9,32
-23,1,264,304,0,-122,-42,40,8,30
-21,-1,273,307,-1,-132,-41,40,8,32
-24,-6,276,307,-1,-132,-40,40,8,32
-22,-9,273,310,-1,-131,-40,40,8,32
-20,-3,272,310,-1,-131,-39,40,8,33
-18,-3,274,310,-1,-131,-41,41,8,32
-19,-14,281,307,-7,-128,-40,39,8,34
-23,-6,281,307,-7,-128,-40,39,7,32
-20,-5,265,309,-4,-128,-42,39,7,32
-17,-6,271,309,-4,-128,-40,40,9,32
-20,-15,279,312,-2,-123,-41,39,9,34
-25,-7,280,312,-2,-123,-40,41,6,32
-22,-9,273,304,-4,-120,-41,40,8,33
-31,-6,275,303,-3,-126,-41,40,8,33
-18,-2,269,303,-3,-126,-41,39,8,32
-18,-8,273,319,-6,-124,-41,41,7,32
-22,-9,275,319,-6,-124,-41,39,7,32
-24,-9,274,318,-3,-127,-41,39,7,33
-22,-8,270,318,-3,-127,-42,41,9,32
-20,-13,280,314,-5,-121,-41,40,9,34
-21,-11,282,306,-2,-122,-41,39,8,33
-17,-13,276,306,-2,-122,-40,40,7,34
-19,-8,268,311,-4,-125,-41,39,7,31
-19,-14,272,311,-4,-125,-42,39,8,32
-20,-11,266,313,-3,-124,-41,40,8,34
-19,-6,269,313,-3,-124,-41,39,8,32
-21,-13,270,311,-7,-130,-39,40,7,34
-17,-6,283,310,-7,-126,-42,40,7,32
-22,-21,274,310,-7,-126,-43,38,7,34
-28,-8,274,299,-3,-120,-41,40,7,31
-18,-16,266,299,-3,-120,-43,39,8,33
-24,-4,276,307,-1,-125,-41,39,8,32
-19,-10,275,307,-1,-125,-41,40,7,33
-23,-9,274,311,-7,-124,-41,39,7,33
-18,-4,266,307,-6,-132,-41,39,8,32
-21,-9,273,307,-6,-132,-41,39,7,33
-24,-5,272,311,-2,-123,-41,40,8,31
-20,-1,270,311,-2,-123,-42,40,8,32
-22,-16,268,315,-3,-122,-40,38,7,33
-23,-14,274,315,-3,-122,-42,40,8,34
-21,-5,272,318,-5,-123,-42,40,8,32
-22,-7,281,318,-5,-123,-41,40,6,32
-22,-6,274,303,-6,-119,-39,40,8,33
-20,-16,278,307,-3,-119,-42,39,9,33
-23,-19,269,307,-3,-119,-41,40,9,33
-22,-8,280,307,-3,-129,-42,38,7,31
-18,-8,274,307,-3,-129,-41,40,7,33
-22,-12,276,309,-2,-127,-41,39,8,33
-22,-8,268,309,-2,-127,-43,38,8,33
-25,-10,271,312,-5,-127,-41,39,7,33
-30,-10,272,306,-4,-120,-41,39,8,33
-17,-5,268,306,-4,-120,-41,39,9,32
-20,-10,274,311,-5,-128,-42,38,7,32
-22,-12,271,311,-5,-128,-41,39,10,35
-20,-13,279,312,-8,-124,-42,40,7,33
-26,-3,276,312,-8,-124,-41,41,8,33
-23,-17,272,307,-4,-138,-42,39,8,33
-20,-7,269,306,-3,-125,-40,40,8,33
-19,-9,272,306,-3,-125,-42,40,7,32
-24,-5,282,304,-7,-121,-42,39,8,31
-19,-2,266,304,-7,-121,-41,38,8,32
-20,-17,272,308,2,-125,-41,40,6,32
-21,-10,281,308,2,-125,-42,39,6,33
-23,-1,271,307,-1,-125,-41,39,8,32
-15,-9,268,312,-2,-128,-42,37,10,34
-23,-9,271,312,-2,-128,-41,39,7,32
-23,-8,269,308,-2,-128,-41,39,8,32
-24,-15,276,308,-2,-128,-40,39,7,32
-21,-10,277,311,-3,-128,-40,39,8,34
-19,-8,272,311,-3,-128,-40,40,7,33
-19,-6,272,308,-7,-120,-43,40,7,32
-21,-16,268,310,3,-140,-42,38,7,33
-17,-7,276,310,3,-140,-42,39,8,31
-21,-9,277,310,-4,-124,-41,41,9,32
-22,-14,268,310,-4,-124,-40,40,8,32
-20,-18,271,318,-5,-124,-41,40,8,34
-20,-2,274,318,-5,-124,-42,40,7,32
-16,-12,264,310,-1,-126,-41,40,8,34
-20,-8,278,310,-1,-126,-40,39,8,32
-24,-11,272,303,-5,-124,-41,39,8,33
-17,-21,261,307,-2,-123,-41,40,7,34
-22,-10,274,307,-2,-123,-41,39,7,32
-19,-13,270,313,0,-125,-42,39,8,33
-18,-19,276,313,0,-125,-40,40,7,32
-20,-3,267,311,-6,-126,-41,40,6,33
-22,-5,278,311,-6,-126,-42,39,9,32
-19,-9,286,303,1,-121,-41,38,8,32
-22,-8,278,309,-5,-124,-40,41,8,31
-19,-10,275,309,-5,-124,-43,39,8,33
-18,-10,274,307,-6,-125,-41,38,7,34
-20,-12,279,307,-6,-125,-41,40,8,33
-25,-3,270,310,-2,-128,-42,39,9,33
-25,-5,266,310,-2,-128,-41,39,10,33
-21,-9,277,308,-2,-129,-42,40,9,33
-25,-9,274,297,0,-110,-42,39,8,31
-19,-10,269,297,0,-110,-40,38,9,32
-22,-15,268,312,-10,-123,-41,40,9,34
-21,-2,272,312,-10,-123,-41,39,8,34
-22,-2,271,318,-6,-128,-42,39,7,33
-20,-5,270,318,-6,-128,-39,39,7,32
-20,-7,267,309,2,-129,-41,40,7,32
-26,-13,275,314,4,-140,-40,39,9,32
-21,-9,275,314,4,-140,-40,39,8,31
-17,-9,264,303,-3,-118,-41,39,8,32
-22,-5,269,303,-3,-118,-40,40,9,33
-20,-14,271,311,-5,-127,-40,41,8,33
-20,-5,276,311,-5,-127,-40,40,7,33
-22,-11,279,311,-3,-128,-41,40,8,33
-20,-1,270,311,-3,-128,-42,40,8,32
-22,-11,283,316,0,-127,-41,40,9,32
-28,-3,273,307,-4,-125,-42,40,9,32
-21,-8,269,307,-4,-125,-41,39,7,33
-18,-24,273,310,-4,-127,-41,40,7,33
-18,-11,263,310,-4,-127,-41,40,7,34
-21,-6,277,310,-10,-126,-41,39,8,33
-17,-11,273,310,-10,-126,-42,38,9,35
-23,-7,270,318,-7,-125,-42,41,8,31
-21,-15,268,312,-1,-129,-40,39,6,32
-22,-8,275,312,-1,-129,-41,40,7,33
-21,-9,271,310,-3,-126,-42,40,8,32
-21,-8,272,310,-3,-126,-40,40,7,33
-20,-9,280,310,-2,-124,-41,40,8,32
-21,-8,266,310,-2,-124,-42,38,8,33
-19,-7,277,309,-5,-129,-40,41,6,31
-21,-4,275,309,-3,-123,-41,40,8,32
-24,-8,274,309,-3,-123,-40,38,7,32
-20,-9,266,315,-9,-131,-41,40,8,33
-19,-4,271,315,-9,-131,-42,39,9,32
-22,-7,271,307,-2,-120,-41,39,7,32
-22,-9,272,307,-2,-120,-41,38,7,33
-21,-11,272,307,1,-126,-41,39,9,31
-22,-3,274,307,1,-126,-43,40,7,31
-16,-1,263,307,-3,-115,-41,39,7,32
-25,-6,267,310,3,-128,-42,40,8,32
-20,-10,272,310,3,-128,-41,39,7,32
-24,-5,269,304,-6,-115,-41,40,8,33
-26,-4,272,304,-6,-115,-41,40,8,32
-18,-10,279,302,-1,-128,-42,40,8,33
-22,-11,272,302,-1,-128,-41,39,8,34
-19,-14,268,304,-2,-114,-41,38,8,33
-29,-3,279,318,-10,-136,-41,38,8,34
-24,-7,270,318,-10,-136,-42,39,9,33
-18,-6,277,310,-1,-128,-41,40,7,33
-16,-7,269,310,-1,-128,-41,40,8,32
-17,-8,277,312,0,-130,-40,39,9,31
-23,-10,269,312,0,-130,-41,39,8,31
-23,-11,277,304,-1,-115,-43,39,7,34
-19,-11,268,304,-1,-115,-41,41,8,33
-26,-7,269,304,-1,-115,-41,39,7,32
-13,-6,289,312,-2,-128,-40,38,6,33
-18,-8,272,312,-2,-128,-40,39,8,32
-23,-7,281,308,-3,-127,-40,40,9,32
-25,-8,277,308,-3,-127,-40,41,7,31
-20,-6,278,307,0,-122,-41,40,9,32
-18,-12,273,307,0,-122,-41,40,7,32
-25,-3,273,307,2,-117,-42,39,7,32
-21,-5,275,307,2,-130,-42,39,8,31
-23,-13,272,307,2,-130,-41,40,7,33
-19,-5,273,313,-7,-126,-40,40,8,31
-23,-12,272,313,-7,-126,-40,40,7,33
-24,-8,275,299,1,-117,-41,40,8,32
-21,-10,271,299,1,-117,-41,39,9,32
-19,-9,272,307,-7,-129,-41,40,8,33
-24,-9,269,307,-7,-129,-42,39,7,32
-17,-12,273,318,-9,-123,-41,40,6,34
-20,-12,270,304,-8,-120,-40,39,6,32
-24,-3,273,304,-8,-120,-41,39,7,33
-25,-10,283,309,-2,-127,-40,39,8,33
-22,-3,274,309,-2,-127,-41,41,8,33
-19,-10,277,308,-6,-121,-42,39,7,34
-24,-11,270,308,-6,-121,-40,41,7,33
-22,-13,273,307,-6,-128,-41,39,8,34
-25,-12,273,316,-7,-130,-41,40,8,32
-26,-8,263,316,-7,-130,-40,39,9,32
-16,-8,271,313,-6,-125,-42,39,7,32
-18,-6,268,313,-6,-125,-42,38,8,33
-19,-12,265,311,-4,-132,-41,41,8,33
-23,-1,275,311,-4,-132,-42,40,8,33
-20,-6,275,307,-1,-124,-42,39,8,33
-18,-11,274,310,0,-130,-42,40,8,31
-19,-9,269,310,0,-130,-40,41,8,31
-24,-6,274,310,-3,-130,-41,40,7,32
-26,-10,269,310,-3,-130,-41,39,8,34
-22,-3,267,318,-7,-126,-42,40,8,32
-21,-9,268,318,-7,-126,-42,40,7,33
-19,-4,271,311,0,-122,-40,38,8,31
-21,-3,265,311,0,-122,-42,39,7,31
-23,-11,267,312,6,-115,-39,40,7,32
-21,-4,283,312,-8,-126,-41,39,8,33
-18,-5,272,312,-8,-126,-42,39,8,33
-24,-13,270,310,-4,-126,-42,40,7,33
-21,-4,271,310,-4,-126,-41,39,8,33
-23,-2,272,313,-6,-127,-42,39,8,32
-20,-10,274,313,-6,-127,-40,39,8,33
-25,-7,272,307,-7,-130,-43,39,8,31
-31,-16,273,309,-2,-130,-41,39,7,34
-22,-9,270,309,-2,-130,-42,40,7,32
-23,-1,273,310,-6,-126,-41,40,7,33
-20,-13,271,310,-6,-126,-41,40,8,33
-17,-3,266,311,-1,-130,-42,39,7,32
-21,-9,275,311,-1,-130,-42,41,7,32
-17,-3,270,311,0,-132,-42,40,8,30
-21,-3,268,311,0,-132,-40,38,8,32
-21,-12,274,303,0,-127,-40,38,7,32
-24,-3,272,310,-5,-126,-42,41,8,33
-23,-8,277,310,-5,-126,-41,39,7,32
-18,-16,271,313,-5,-127,-40,40,7,34
-22,-5,271,313,-5,-127,-42,38,8,31
-25,-11,281,307,-2,-128,-40,41,8,34
-25,-4,272,307,-2,-128,-41,39,7,33
-18,-7,267,304,-7,-117,-41,40,8,32
-18,-5,271,310,-2,-132,-40,41,8,33
-24,-6,278,310,-2,-132,-41,39,7,32
-21,-5,264,312,-8,-120,-42,39,7,33
-22,-9,274,312,-8,-120,-42,40,8,31
-20,-13,270,311,-5,-129,-41,41,7,34
-24,-5,282,311,-5,-129,-41,40,8,32
-22,-5,278,311,-2,-124,-40,39,7,33
-24,-6,272,310,2,-132,-41,39,7,31
-21,-5,279,310,2,-132,-41,39,6,32
-24,-20,268,313,-3,-130,-41,38,8,34
-21,-7,267,313,-3,-130,-40,38,8,31
-22,-4,271,312,-2,-132,-41,39,9,33
-19,-10,274,312,-2,-132,-41,40,9,33
-21,-3,267,310,-4,-130,-40,40,8,33
-18,-13,272,310,-4,-130,-41,38,8,33
-25,-6,277,311,-5,-132,-41,38,9,33
-24,-13,267,310,-4,-128,-40,38,8,33
-19,-12,272,310,-4,-128,-41,40,8,33
-25,-3,274,309,-2,-130,-43,40,7,32
-20,-7,281,309,-2,-130,-40,39,7,32
-21,-6,264,310,0,-127,-39,40,8,32
-20,-6,272,310,0,-127,-41,40,8,31
-23,-6,271,307,-4,-129,-40,40,8,33
-16,-7,291,312,-3,-128,-41,40,8,31
-20,-9,275,312,-3,-128,-41,39,8,32
-19,-3,277,308,-1,-128,-41,38,7,32
-25,-9,275,308,-1,-128,-42,40,7,33
-24,-4,266,319,-11,-136,-41,40,8,33
-20,-8,273,319,-11,-136,-41,38,8,34
-22,-2,274,314,-2,-130,-40,40,9,33
-22,-7,273,314,-2,-130,-41,39,7,32
-18,-5,268,314,-4,-118,-41,39,9,32
-22,-24,269,311,-7,-128,-42,40,7,33
-21,-4,270,311,-7,-128,-41,38,8,33
-20,-5,269,304,-10,-123,-41,40,7,33
-20,-9,273,304,-10,-123,-41,40,7,34
-25,-7,267,307,-3,-123,-42,39,9,32
-21,-9,271,307,-3,-123,-42,40,8,33
-21,-7,263,314,-8,-137,-40,39,7,31
-14,-9,270,307,-5,-130,-42,39,8,31
-21,-3,270,307,-5,-130,-42,39,8,33
-19,-11,267,313,-4,-129,-42,39,9,33
-22,-5,274,313,-4,-129,-41,39,7,33
-18,-5,269,306,-3,-125,-40,39,8,32
-16,-7,271,306,-3,-125,-41,38,7,33
-19,-16,267,311,0,-126,-42,39,7,31
-21,-10,269,312,-7,-122,-40,39,7,34
-22,-7,267,312,-7,-122,-41,38,9,32
-27,-7,273,308,-5,-128,-42,40,8,32
-20,-15,278,308,-5,-128,-41,39,9,34
-19,-10,274,303,-3,-122,-41,40,8,33
-22,-6,277,303,-3,-122,-41,39,9,33
-18,-11,275,309,-1,-130,-41,39,7,32
-25,-7,273,308,-1,-114,-41,40,8,32
-22,-7,283,308,-1,-114,-40,40,8,32
-20,-15,272,306,-2,-123,-41,39,8,34
-21,-6,261,306,-2,-123,-42,39,8,32
-19,-3,269,307,-2,-122,-41,39,8,33
-25,-10,272,307,-2,-122,-41,39,7,34
-20,-9,273,304,-4,-123,-40,41,7,31
-22,-15,273,311,-9,-121,-41,38,9,33
-18,-5,275,311,-9,-121,-42,40,8,32
-22,-18,279,311,-6,-128,-41,40,7,34
-23,-18,275,311,-6,-128,-40,39,9,33
-23,0,282,303,-2,-125,-42,38,8,32
-21,-7,274,303,-2,-125,-41,38,8,32
-22,-6,280,316,-12,-124,-41,39,7,34
-21,-4,266,316,-12,-124,-41,40,6,33
-16,-6,270,316,-11,-127,-40,40,9,32
-15,-41,262,311,-6,-124,-42,40,7,34
-24,-3,270,311,-6,-124,-41,39,7,32
-17,-7,265,314,-3,-130,-40,39,8,33
-24,-15,278,314,-3,-130,-41,41,7,33
-22,-5,273,311,-6,-128,-40,40,6,33
-19,-12,269,311,-6,-128,-41,39,9,32
-24,-4,275,317,-7,-131,-41,39,8,32
-20,-15,272,311,-8,-128,-40,40,6,34
-19,-5,272,311,-8,-128,-42,41,7,32
-20,-12,277,312,-2,-131,-41,40,8,34
-20,-10,272,312,-2,-131,-41,39,8,33
-18,-12,273,312,0,-136,-41,39,8,33
-20,-10,277,312,0,-136,-40,40,7,32
-16,-8,280,307,1,-132,-42,39,6,31
-21,-9,281,307,1,-131,-41,39,8,31
-20,-9,279,307,1,-131,-41,39,8,32
-24,-18,275,306,-2,-127,-40,38,10,34
-21,-6,270,306,-2,-127,-40,40,9,32
-22,-6,276,306,-3,-122,-40,38,8,33
-18,-8,272,306,-3,-122,-42,38,8,31
-17,0,264,307,-4,-124,-40,40,8,31
-14,-13,268,310,-6,-128,-42,39,8,33
-19,-9,272,310,-6,-128,-41,38,7,33
-23,-6,271,310,-9,-126,-39,40,8,32
-22,-6,271,310,-9,-126,-40,39,9,33
-19,-7,267,305,-1,-125,-40,40,8,32
-21,-6,272,305,-1,-125,-40,38,8,32
-21,-11,272,313,-3,-128,-40,39,7,32
-19,-17,272,313,-3,-128,-41,40,10,34
-15,-13,271,322,-3,-128,-41,37,8,34
-26,-8,268,311,-4,-130,-41,39,7,32
-24,-12,270,311,-4,-130,-40,40,7,34
-27,-9,271,311,-3,-130,-42,39,8,32
-17,-5,267,311,-3,-130,-41,39,7,33
-20,-9,279,304,-5,-122,-41,40,8,31
-20,-11,269,304,-5,-122,-41,39,9,34
-21,-3,276,311,-2,-127,-40,40,7,32
-21,-4,266,309,-4,-126,-41,38,8,32
-19,-9,281,309,-4,-126,-39,40,8,33
-24,-4,266,303,-3,-122,-41,39,8,32
-23,-10,271,303,-3,-122,-41,40,7,34
-22,-15,276,305,-4,-126,-41,40,7,32
-22,-7,274,305,-4,-126,-42,41,8,32
-21,-10,280,303,-1,-111,-41,41,8,33
-19,-9,275,309,1,-133,-42,39,8,32
-22,-11,278,309,1,-133,-41,39,8,32
-17,-7,270,311,-8,-132,-40,39,7,32
-25,-2,269,311,-8,-132,-40,39,8,33
-24,-11,276,303,-1,-128,-42,40,6,32
-17,-15,282,303,-1,-128,-40,41,8,33
-22,-7,272,302,-3,-115,-41,39,7,32
-20,-14,279,308,-7,-122,-41,40,8,34
-20,-14,274,308,-7,-122,-42,39,7,33
-24,-14,268,307,-1,-130,-41,41,9,34
-21,-11,277,307,-1,-130,-41,39,6,33
-22,-11,280,305,-2,-120,-39,40,8,33
-17,-2,266,305,-2,-120,-42,40,6,32
-18,-10,268,307,-5,-122,-42,39,8,32
-22,-13,278,307,-2,-128,-41,38,8,34
-24,-6,273,307,-2,-128,-42,39,9,32
-19,-9,276,309,-5,-129,-41,41,9,33
-21,-8,272,309,-5,-129,-41,39,8,32
-23,-9,270,308,-1,-132,-41,39,9,33
-17,-3,265,308,-1,-132,-41,39,8,31
-21,-8,268,312,-5,-128,-40,40,8,32
-23,-18,279,311,-1,-131,-41,39,8,34
-23,-8,276,311,-1,-131,-40,40,8,32
-20,-10,270,299,1,-113,-40,39,9,33
-22,-14,278,299,1,-113,-41,39,8,32
-22,-5,276,311,-5,-128,-42,40,8,33
-17,-10,275,311,-5,-128,-41,38,9,32
-23,-4,270,310,-3,-128,-41,39,9,32
-22,-9,277,310,-3,-124,-41,39,8,32
-20,-15,275,313,-3,-124,-41,40,6,34
-19,-3,278,299,-1,-114,-41,39,8,32
-17,-9,277,299,-1,-114,-40,39,8,32
-16,-16,272,317,-3,-126,-41,39,7,34
-22,-18,281,317,-3,-126,-41,39,7,32
-21,-8,276,311,-3,-132,-40,40,7,32
-20,-2,269,311,-3,-132,-41,40,8,32
-24,-12,268,316,-5,-137,-40,40,8,34
-23,-6,277,310,-9,-122,-41,40,8,32
-21,-12,272,310,-9,-122,-40,41,7,34
-23,-8,271,307,-2,-128,-40,41,9,32
-22,-10,274,307,-2,-128,-42,39,7,33
-21,-11,269,311,-3,-128,-41,40,7,33
-22,-10,268,311,-3,-128,-40,40,8,32
-22,-14,276,309,-2,-121,-40,39,6,34
-22,-8,268,307,0,-122,-41,40,8,31
-21,-7,275,307,0,-122,-40,40,8,32
-20,-4,274,308,2,-127,-40,40,8,31
-25,-12,270,308,2,-127,-41,38,9,33
-17,-7,266,310,-6,-130,-40,40,9,31
-21,-6,274,310,-6,-130,-41,39,8,33
-25,-11,273,309,-2,-132,-41,40,7,34
-16,-38,265,307,0,-121,-41,39,8,32
-20,-10,270,307,0,-121,-41,39,9,33
-20,-9,268,313,-5,-131,-41,41,9,32
-18,-4,266,313,-5,-131,-40,38,7,33
-19,-3,271,311,-3,-128,-40,39,7,31
-19,-7,270,311,-3,-128,-40,39,8,33
-16,-11,271,307,-2,-130,-41,40,7,33
-20,-4,270,307,-2,-130,-41,38,8,33
-16,-11,271,307,-6,-130,-42,40,8,33
-20,-1,278,314,-7,-127,-41,39,9,32
-22,-4,277,314,-7,-127,-41,38,8,33
-24,-3,265,304,-4,-119,-40,39,8,31
-20,-2,269,304,-4,-119,-42,40,9,33
-22,-9,279,310,-3,-128,-43,40,8,32
-20,-5,270,310,-3,-128,-40,41,7,33
-22,-4,274,305,-4,-134,-41,40,7,32
-18,-4,270,307,-8,-125,-39,40,8,33
-22,-10,276,307,-8,-125,-42,39,8,33
-23,-5,278,311,-4,-125,-41,40,9,32
-22,-6,273,311,-4,-125,-41,40,7,33
-16,-11,270,308,-6,-130,-42,39,7,33
-21,-11,273,308,-6,-130,-41,40,8,34
-19,-7,273,309,1,-130,-41,40,9,31
-22,-3,267,301,-1,-108,-41,40,8,33
-24,-1,271,301,-1,-108,-42,40,8,32
-22,-16,275,311,-5,-130,-41,39,6,33
-23,-1,274,311,-5,-130,-41,39,7,32
-23,-15,274,304,-4,-121,-42,40,8,34
-18,-7,270,304,-4,-121,-41,40,8,32
-19,-10,272,311,-3,-128,-41,39,8,33
-16,-10,266,313,-3,-124,-41,38,10,35
-22,-14,275,313,-3,-124,-41,39,9,33
-21,-6,271,313,-6,-129,-40,38,7,32
-19,-3,278,313,-6,-129,-39,39,8,31
-23,-4,274,311,-1,-132,-41,38,8,33
-23,-6,268,311,-1,-132,-42,41,9,32
-19,-10,284,315,-7,-127,-41,40,8,34
-20,-5,275,318,-6,-131,-41,39,7,32
-22,-3,272,318,-6,-131,-41,39,7,32
-24,-7,276,312,-7,-121,-43,37,8,32
-20,-19,269,312,-7,-121,-40,40,7,32
-22,-3,270,318,-8,-125,-41,39,7,33
-16,-19,260,318,-8,-125,-42,40,7,33
-25,-15,271,313,-2,-125,-41,39,8,34
-22,-7,272,313,-2,-125,-41,39,8,32
-20,-4,270,304,0,-134,-40,39,8,32
-25,-6,265,309,-1,-128,-40,39,7,31
-20,-11,271,309,-1,-128,-40,39,7,33
-21,-9,270,313,-6,-131,-41,40,9,33
-21,-8,285,313,-6,-131,-41,38,8,32
-19,-7,266,309,-4,-124,-41,39,8,33
-25,-6,267,309,-4,-124,-40,40,8,32
-20,-15,270,307,-6,-122,-42,39,8,34
-22,-1,269,306,-5,-124,-40,39,10,33
-21,-6,275,306,-5,-124,-41,40,8,32
-22,-12,268,304,-3,-117,-41,41,7,32
-20,-11,274,304,-3,-117,-40,40,7,34
-25,-3,280,313,-4,-128,-41,40,9,33
-20,-12,273,313,-4,-128,-41,40,8,33
-22,-5,268,304,-2,-120,-40,39,8,33
-21,-6,274,314,-10,-123,-41,39,8,33
-20,-8,271,314,-10,-123,-40,39,7,34
-18,-7,277,308,-2,-130,-40,39,8,31
-25,-10,278,308,-2,-130,-40,40,8,34
-26,-9,272,315,-6,-130,-41,37,8,32
-22,-5,269,315,-6,-130,-40,38,8,33
-20,-11,265,308,-2,-129,-40,39,8,34
-27,-8,275,310,-1,-132,-41,39,7,32
-18,-5,277,310,-1,-132,-41,38,7,33
-22,-17,277,313,1,-131,-42,38,9,31
-19,-2,266,313,1,-131,-42,39,8,32
-21,-1,265,307,-3,-125,-41,40,8,32
-23,-12,273,307,-3,-125,-41,40,9,34
-23,-3,276,305,-3,-125,-42,39,8,32
-22,-8,277,305,-3,-125,-40,40,7,33
-24,-1,272,316,-6,-140,-41,39,8,31
-30,-12,276,313,-2,-130,-42,39,8,32
-19,-8,268,313,-2,-130,-41,39,8,33
-22,-16,277,311,-2,-131,-41,40,7,33
-25,-5,273,311,-2,-131,-41,39,9,33
-22,-5,278,306,-9,-128,-41,40,8,32
-24,-7,274,306,-9,-128,-40,39,7,33
-18,-15,262,307,-5,-130,-42,39,8,33
-19,-15,268,306,0,-123,-41,39,7,32
-19,-7,272,306,0,-123,-43,40,7,31
-16,-12,276,312,-10,-123,-42,39,7,35
-23,-5,270,312,-10,-123,-41,40,9,34
-18,-17,276,311,-9,-129,-41,39,7,33
-26,-6,270,311,-9,-129,-41,40,8,33
-19,-6,266,310,-9,-130,-40,39,8,32
-25,-25,272,308,-8,-122,-43,40,8,33
-17,-14,268,308,-8,-122,-40,41,7,32
-21,-14,279,303,0,-118,-41,39,8,33
-20,-18,273,303,0,-118,-41,40,9,32
-21,-10,270,310,-5,-129,-40,40,8,34
-20,-10,268,310,-5,-129,-41,39,7,34
-19,-9,267,309,-2,-129,-41,38,7,32
-24,-8,267,307,-9,-129,-40,40,8,33
-19,-12,272,307,-9,-129,-40,40,8,32
-22,-8,278,313,-4,-127,-42,40,7,33
-21,-2,263,313,-4,-127,-41,39,7,32
-19,-1,274,310,-1,-127,-40,38,6,33
-22,-17,277,310,-1,-127,-41,41,8,33
-15,-7,273,311,-6,-126,-41,39,7,33
-18,-10,280,311,-4,-122,-41,40,9,34
-18,-7,271,311,-4,-122,-40,39,8,31
-21,-15,272,308,1,-132,-42,40,8,33
-25,-8,276,308,1,-132,-43,39,8,31
-22,-2,270,313,-2,-133,-42,41,8,33
-17,-11,269,313,-2,-133,-40,39,8,33
-22,-3,275,310,-10,-123,-40,41,8,34
-31,-15,289,304,2,-127,-41,40,8,32
-25,-10,277,304,2,-127,-41,40,8,32
-24,-12,274,312,-2,-128,-40,39,8,33
-25,-15,280,312,-2,-128,-41,41,8,33
-22,-10,271,320,-12,-137,-40,39,7,35
-22,-11,274,320,-12,-137,-41,39,8,34
-24,-18,277,313,-4,-128,-42,40,7,34
-19,-12,265,303,-3,-121,-40,40,7,33
-18,-5,266,303,-3,-121,-41,40,9,33
-19,-14,268,311,-6,-124,-40,39,8,32
-22,-16,271,311,-6,-124,-42,39,7,33
-21,-5,274,311,-4,-125,-42,37,8,33
-19,-15,268,311,-4,-125,-42,40,7,33
-19,-8,268,308,2,-127,-41,40,9,32
-15,-4,267,320,-8,-134,-40,40,8,32
-19,-10,273,320,-8,-134,-41,39,9,34
-25,-14,272,304,-1,-111,-41,39,9,32
-19,-17,270,304,-1,-111,-41,39,7,33
-21,-6,271,313,-2,-132,-42,39,9,32
-23,-12,267,313,-2,-132,-41,39,7,34
-20,-8,281,304,-7,-116,-40,40,7,33
-23,-16,270,310,1,-131,-44,40,7,32
-21,-7,268,310,1,-131,-41,39,7,32
-24,-14,278,308,-4,-128,-42,39,7,33
-14,-9,270,308,-4,-128,-41,40,7,32
-23,1,275,309,-1,-125,-41,40,7,31
-21,-8,269,309,-1,-125,-41,38,8,33
-20,0,272,316,-12,-125,-40,40,9,32
-23,-7,276,316,-12,-125,-43,39,7,34
-25,-14,277,309,-5,-125,-41,39,8,33
-28,-9,268,318,-5,-125,-41,39,7,32
-21,-7,277,318,-5,-125,-42,40,8,32
-20,-22,271,311,-5,-132,-43,39,7,33
-23,-10,277,311,-5,-132,-40,39,7,34
-23,-11,272,307,-5,-121,-41,40,6,33
-22,-8,269,307,-5,-121,-42,41,8,33
-23,-9,270,314,-8,-114,-41,39,8,32
-33,-3,270,307,-5,-127,-41,41,8,33
-17,-7,270,307,-5,-127,-41,39,7,31
-20,-10,267,303,-2,-121,-41,41,8,34
-23,-9,270,303,-2,-121,-42,38,7,33
-22,-4,275,310,2,-131,-40,40,8,31
-22,-8,263,310,2,-131,-41,38,8,32
-20,-10,273,308,3,-128,-40,40,7,32
-21,-13,274,308,-4,-122,-41,39,7,34
-20,-8,268,310,-4,-122,-41,40,9,31
-23,-18,265,309,-1,-124,-40,40,7,34
-19,-8,270,309,-1,-124,-41,39,8,32
-20,-15,268,309,2,-130,-42,40,6,33
-21,-4,272,309,2,-130,-43,39,8,31
-22,-6,277,311,-3,-124,-40,41,8,33
-19,-9,277,311,-3,-124,-41,39,9,33
-22,-10,278,307,-9,-128,-41,40,7,32
-22,-7,270,311,-4,-133,-41,40,8,33
-23,0,278,311,-4,-133,-41,38,7,31
-20,-13,273,304,-7,-123,-41,38,8,34
-16,-6,275,304,-7,-123,-41,40,7,32
-21,-9,270,313,-4,-125,-42,39,8,33
-21,-2,272,313,-4,-125,-40,39,8,31
-23,-7,277,311,-4,-129,-41,41,9,32
-17,-5,269,303,-2,-125,-42,38,7,32
-22,-8,271,303,-2,-125,-42,41,7,32
-25,-3,265,308,-5,-126,-40,41,9,33
-25,-10,274,308,-5,-126,-42,40,9,33
-22,-12,270,306,-3,-124,-41,40,8,34
-23,-9,273,306,-3,-124,-40,39,8,32
-19,-14,272,310,-6,-128,-42,40,8,33
-19,-4,273,303,-4,-125,-42,40,8,32
-16,-9,274,303,-4,-125,-39,39,9,33
-21,-10,279,307,-4,-122,-40,39,7,33
-23,-5,268,307,-4,-122,-41,39,8,32
-26,-9,271,307,2,-130,-41,38,7,32
-19,-8,271,307,2,-130,-40,40,8,30
-22,-14,272,307,1,-127,-42,40,9,32
-20,-16,278,307,1,-127,-41,38,9,32
-20,-5,271,310,-1,-131,-42,40,8,33
-18,-13,264,312,-3,-126,-41,39,7,33
-16,-18,269,312,-3,-126,-41,38,6,34
-22,-3,275,316,-6,-124,-41,40,9,32
-19,-6,276,316,-6,-124,-40,40,7,33
-22,-4,266,318,-6,-125,-41,39,8,31
-24,-4,270,318,-6,-125,-41,41,7,32
-19,-6,267,303,-4,-127,-40,40,7,33
-18,-6,274,312,1,-127,-41,40,10,32
-18,-5,275,312,1,-127,-41,39,8,32
-20,-11,281,307,-5,-129,-42,39,7,33
-24,-12,270,307,-5,-129,-41,39,7,34
-22,-5,280,311,-4,-126,-40,40,9,31
-21,-11,267,311,-4,-126,-41,40,8,34
-19,-15,281,307,-5,-129,-41,39,9,33
-21,-1,268,307,-5,-129,-40,42,8,33
-26,-5,271,303,-3,-139,-40,39,8,33
-29,-2,277,315,-6,-127,-41,40,7,32
-17,-10,271,315,-6,-127,-41,40,9,34
-24,-8,277,308,-2,-130,-41,40,7,31
-25,-8,275,308,-2,-130,-41,41,7,33
-21,-10,271,310,-6,-125,-42,38,8,33
-19,-11,272,310,-6,-125,-41,40,9,34
-19,-13,267,312,-2,-125,-41,40,7,33
-19,-16,273,313,-2,-127,-41,38,7,34
-25,-2,276,313,-2,-127,-40,39,7,33
-19,-10,278,310,-4,-132,-42,40,8,32
-25,-8,273,310,-4,-132,-41,40,7,32
-24,-8,272,311,-4,-128,-41,39,7,32
-21,-9,275,311,-4,-128,-41,39,8,33
-24,-15,273,299,-3,-112,-42,40,8,33
-18,-19,276,313,-5,-127,-40,40,7,34
-20,-2,264,313,-5,-127,-41,38,8,32
-20,-10,275,307,-2,-129,-41,38,8,34
-19,-11,278,307,-2,-129,-42,40,8,33
-18,-6,269,304,-1,-130,-41,39,9,31
-18,-17,270,304,-1,-130,-41,39,8,34
-20,-19,275,308,-9,-123,-41,39,7,33
-21,-6,277,309,-1,-128,-41,39,8,33
-21,-8,269,309,-1,-128,-41,40,9,32
-23,-10,270,319,-7,-135,-41,38,8,34
-18,-14,278,319,-7,-135,-41,40,8,32
-17,-20,271,304,-2,-117,-41,39,9,33
-18,-5,276,304,-2,-117,-41,39,8,33
-23,-7,267,308,1,-136,-40,39,8,31
-22,-5,276,311,-5,-127,-43,39,7,33
-21,-8,264,311,-5,-127,-41,40,7,32
-19,-9,271,309,-4,-130,-41,40,9,33
-22,-10,265,309,-4,-130,-41,40,8,32
-24,-12,278,319,-10,-139,-42,39,8,34
-19,-11,264,319,-10,-139,-41,41,8,34
-23,-6,271,309,-5,-122,-41,40,8,33
-25,-7,283,304,0,-117,-42,38,8,31
-18,-8,273,304,0,-117,-41,40,8,31
-23,-3,269,304,-5,-122,-41,40,8,33
-17,-5,275,304,-5,-122,-42,39,9,31
-22,-2,267,307,-9,-129,-42,39,9,32
-19,-19,268,307,-9,-129,-42,38,9,33
-19,-10,265,309,1,-132,-41,39,8,33
-18,-9,276,309,-13,-121,-41,39,8,33
-19,-4,270,310,-13,-121,-41,39,7,34
-27,-25,276,311,-8,-126,-41,39,7,33
-20,-6,274,311,-8,-126,-41,39,8,32
-22,-18,276,312,-1,-132,-42,39,9,33
-21,-8,269,312,-1,-132,-43,40,9,31
-20,-8,263,312,-2,-128,-41,40,8,33
-21,-13,268,312,-5,-125,-40,38,8,33
-18,-7,274,311,-5,-125,-43,38,7,33
-21,-10,271,311,-3,-129,-42,39,7,33
-21,-6,265,311,-3,-129,-41,40,7,33
-20,-9,271,307,-4,-122,-40,40,8,31
-15,-8,270,307,-4,-122,-41,40,8,32
-22,-6,266,312,-1,-130,-41,38,7,33
-20,-14,265,312,-1,-130,-40,40,8,33
-17,-11,275,305,-6,-113,-42,40,8,34
-22,-5,278,312,2,-134,-41,40,8,31
-18,-13,273,312,2,-134,-41,40,8,33
-22,-6,275,310,0,-132,-41,39,8,30
-23,-3,265,310,0,-132,-42,39,8,31
-19,-11,269,309,-2,-132,-42,39,8,33
-17,-3,277,309,-2,-132,-41,39,8,33
-20,-11,275,310,-5,-128,-41,40,7,33
-18,-13,279,312,-10,-120,-41,40,8,34
-21,-9,268,312,-10,-120,-41,39,9,34
-19,-2,274,307,-5,-127,-41,41,9,32
-18,-4,272,307,-5,-127,-43,39,8,32
-18,-10,267,310,-1,-130,-41,40,7,33
-17,-9,277,310,-1,-130,-41,40,7,33
-20,-7,274,308,0,-131,-40,39,8,31
-22,-17,272,311,-1,-123,-42,39,8,34
-23,-2,275,311,-1,-123,-41,39,8,32
-30,-17,265,311,-3,-130,-41,39,8,33
-23,-3,276,311,-3,-130,-41,38,7,32
-25,-6,273,311,-3,-133,-43,40,8,32
-20,-15,274,311,-3,-133,-40,40,8,34
-22,-21,274,314,-3,-126,-41,41,8,33
-23,-12,277,306,-1,-139,-41,41,7,34
-23,-8,265,306,-1,-139,-41,39,8,32
-21,-7,281,310,-4,-124,-42,40,8,33
-18,-12,269,310,-4,-124,-40,41,8,32
-23,-6,272,311,-5,-132,-40,40,10,32
-23,-6,275,311,-5,-132,-41,39,7,33
-26,-3,267,309,2,-132,-39,41,8,31
-18,-9,270,309,2,-132,-40,39,8,32
-22,-14,272,312,-15,-125,-43,38,10,35
-19,-23,274,304,-5,-119,-42,39,7,34
-22,-13,272,304,-5,-119,-41,39,7,33
-22,-8,277,313,-2,-127,-41,40,7,32
-20,-5,270,313,-2,-127,-39,40,8,32
-22,-13,272,307,-1,-125,-41,40,8,34
-25,-9,279,307,-1,-125,-41,40,8,33
-21,-7,273,303,1,-134,-42,39,10,32
-36,-17,269,311,-8,-132,-41,39,8,34
-20,-9,274,311,-8,-132,-41,39,8,32
-17,-10,270,307,-4,-124,-40,40,8,33
-19,-7,278,307,-4,-124,-41,37,8,31
-25,-6,274,309,-4,-129,-40,39,6,33
-22,-4,275,309,-4,-129,-40,40,8,32
-27,-7,274,301,-4,-127,-40,40,8,33
-25,-15,276,320,-16,-128,-43,40,8,35
-22,-7,271,320,-16,-128,-42,40,8,33
-23,-5,270,311,-4,-129,-41,40,6,32
-24,-15,275,311,-4,-129,-40,40,8,32
-19,-12,279,308,0,-130,-40,39,8,33
-17,-8,271,308,0,-130,-42,40,9,31
-23,-7,277,312,-10,-122,-41,39,7,34
-22,-13,272,306,-2,-127,-40,40,8,33
-17,-15,270,306,-2,-127,-40,40,6,34
-16,-10,266,309,-5,-129,-40,40,9,34
-17,-13,279,309,-5,-129,-41,39,8,32
-20,-7,280,306,0,-134,-41,38,7,31
-20,-8,283,306,0,-134,-43,40,7,31
-23,-6,270,311,-5,-129,-40,40,8,33
-22,-22,268,317,-6,-131,-40,40,8,33
-24,-4,270,317,-6,-131,-41,40,7,33
-23,-14,273,312,-4,-130,-41,41,6,33
-18,-14,278,312,-4,-130,-40,38,8,33
-19,-11,280,318,-12,-136,-40,39,8,34
-25,-2,275,318,-12,-136,-40,39,9,33
-20,-15,271,313,-5,-129,-42,38,8,34
-21,-18,280,305,-2,-131,-42,39,8,33
-25,-14,272,305,-2,-131,-40,40,7,34
-18,-8,263,309,-2,-132,-41,39,8,32
-19,-6,269,309,-2,-132,-42,39,9,33
-19,-7,263,309,-4,-123,-41,40,7,31
-22,-12,280,309,-4,-123,-40,39,8,34
-21,-4,265,307,-3,-120,-42,40,8,33
-20,-13,271,299,-4,-115,-41,40,8,33
-25,-5,267,299,-4,-115,-41,39,8,33
-26,-8,290,310,-2,-124,-42,38,6,32
-21,-5,272,310,-2,-124,-41,41,8,33
-21,-5,271,311,-4,-128,-41,39,8,31
-20,-5,274,311,-4,-128,-41,39,7,33
-23,-7,263,306,-3,-127,-42,41,7,32
-23,-5,265,310,1,-132,-41,40,8,32
-22,-15,281,310,1,-132,-41,40,7,32
-22,-12,269,304,-3,-117,-42,38,7,34
-23,-4,265,304,-3,-117,-39,39,7,33
-23,-11,284,304,-5,-118,-40,40,7,32
-23,-13,280,304,-5,-118,-41,39,9,34
-23,-6,278,308,-8,-124,-39,39,8,32
-17,-12,266,308,-8,-124,-42,39,6,34
-17,-8,275,312,-2,-126,-42,38,8,32
-18,1,260,313,-6,-126,-41,39,8,32
-18,-6,269,313,-6,-126,-41,39,9,32
-23,-5,270,317,-3,-124,-40,38,9,32
-27,-6,268,317,-3,-124,-41,40,8,32
-22,-15,279,307,-4,-118,-41,38,8,33
-18,-3,272,307,-4,-118,-41,39,8,33
-24,-9,272,311,-2,-128,-41,40,9,32
-22,-8,271,313,-2,-126,-42,40,6,33
-19,-4,271,313,-2,-126,-41,38,7,32
-20,-11,273,312,0,-130,-41,40,7,32
-22,-9,279,312,0,-130,-41,41,7,31
-27,-3,275,311,-4,-130,-41,39,8,33
-16,-14,272,311,-4,-130,-41,39,8,33
-18,-12,273,319,-9,-138,-41,40,9,34
-23,-1,269,311,-3,-116,-41,40,9,33
-24,-13,278,311,-3,-116,-40,39,7,33
-27,-8,279,311,-4,-125,-41,40,7,32
-24,-2,273,311,-4,-125,-40,40,7,31
-21,-5,272,311,-5,-130,-41,40,7,33
-26,-11,276,311,-5,-130,-39,39,7,33
-24,-8,276,304,-5,-118,-40,41,6,33
-20,-10,269,304,-5,-118,-40,40,8,33
-24,-12,271,317,0,-130,-40,40,8,33
-20,-15,272,309,-1,-127,-41,39,8,33
-20,-8,271,309,-1,-127,-42,39,9,31
-20,-13,270,311,-2,-122,-40,41,8,34
-18,-13,272,311,-2,-122,-42,39,9,33
-24,-6,278,307,-4,-124,-41,40,8,33
-22,-6,275,307,-4,-124,-41,39,9,32
-24,-9,277,318,-13,-117,-41,40,7,34
-23,-10,280,307,-2,-126,-40,40,8,33
-22,-3,275,307,-2,-126,-42,39,7,32
-23,-5,272,312,-1,-122,-40,39,8,33
-19,-5,275,312,-1,-122,-40,41,7,32
-22,-6,272,305,-1,-131,-39,40,7,33
-18,-4,270,305,-1,-131,-40,40,6,32
-23,-9,266,314,2,-125,-41,40,9,32
-15,-11,273,318,-8,-128,-41,40,8,32
-21,-15,271,318,-8,-128,-41,40,7,33
-22,-12,272,310,-1,-132,-42,39,8,33
-22,-22,275,310,-1,-132,-42,40,8,34
-21,-7,277,309,-4,-126,-43,39,8,32
-21,-18,266,309,-4,-126,-41,38,8,33
-25,-9,263,311,-1,-124,-41,40,8,33
-23,-6,269,309,-6,-124,-41,39,8,32
-21,-2,273,309,-6,-124,-41,38,7,32
-21,-23,275,313,-1,-125,-42,40,7,32
-17,-5,268,313,-1,-125,-40,41,7,33
-23,-8,268,313,-4,-121,-41,39,9,32
-21,-17,273,313,-4,-121,-41,39,9,34
-18,-4,273,308,-8,-122,-41,40,8,32
-20,-7,280,306,-1,-136,-41,40,8,32
-23,-4,271,306,-1,-136,-42,39,7,32
-25,-5,273,319,-9,-140,-42,41,7,31
-18,-3,279,319,-9,-140,-41,40,7,33
-23,-11,277,307,-1,-124,-42,39,7,33
-26,-7,275,307,-1,-124,-40,41,8,33
-22,-14,277,311,-6,-124,-42,41,7,33
-26,-7,264,311,-6,-124,-41,40,8,33
-24,-8,274,316,5,-129,-40,39,7,30
-27,-8,267,311,-3,-124,-42,39,8,32
-23,-8,272,311,-3,-124,-41,38,8,32
-20,-11,268,312,-4,-121,-41,39,7,33
-24,-14,282,312,-4,-121,-43,39,8,34
-22,-11,273,299,-2,-109,-40,40,9,33
-24,-8,270,299,-2,-109,-41,40,7,33
-22,-8,272,310,-3,-124,-41,40,7,31
-23,-10,293,307,0,-124,-42,39,8,32
-23,-4,277,307,0,-124,-40,40,9,31
-22,-8,268,306,1,-130,-41,40,8,32
-19,-8,266,306,1,-130,-41,40,6,31
-27,-7,273,311,-2,-118,-40,38,7,33
-19,-11,267,311,-2,-118,-40,41,8,34
-22,-5,270,306,-4,-128,-42,39,8,31
-19,-13,274,306,-4,-128,-41,40,7,34
-21,-4,271,311,0,-127,-40,40,8,31
-21,-16,265,310,-3,-128,-41,39,8,34
-23,-15,272,310,-3,-128,-41,40,8,33
-25,-3,279,308,-1,-128,-41,40,7,33
-23,-6,276,308,-1,-128,-40,40,7,32
-20,-14,280,318,-9,-135,-40,39,8,33
-24,-10,276,318,-9,-135,-40,39,8,32
-22,-5,271,316,0,-145,-41,40,9,31
-18,-20,277,312,-2,-128,-41,39,8,34
-22,-4,279,312,-2,-128,-41,40,8,32
-23,-8,273,307,1,-125,-42,41,8,32
-26,-2,278,307,1,-125,-40,39,9,31
-15,-13,276,307,-6,-125,-41,39,7,33
-16,-16,272,307,-6,-125,-41,38,8,32
-18,-20,277,311,-5,-126,-41,39,8,34
-15,-4,285,310,3,-128,-40,40,7,31
-23,-13,274,310,3,-128,-41,39,6,33
-19,-18,282,307,-2,-129,-41,40,8,34
-21,-9,277,307,-2,-129,-42,39,8,32
-24,-6,276,311,-2,-129,-42,38,7,32
-23,-12,274,311,-2,-129,-41,40,9,32
-18,-10,272,313,-6,-124,-42,39,8,34
-24,-3,277,312,2,-131,-42,39,11,32
-19,-5,266,312,2,-131,-41,40,7,32
-19,-3,268,314,-5,-123,-42,39,7,32
-22,-7,273,314,-5,-123,-41,39,9,33
-23,-10,276,307,-3,-128,-40,40,7,32
-20,-16,278,307,-3,-128,-42,41,7,32
-22,-21,270,304,-4,-125,-40,40,9,34
-21,-6,275,304,-4,-125,-41,40,8,32
-21,-10,277,307,-14,-126,-44,40,8,35
-23,-9,278,310,-2,-126,-40,41,7,32
-20,-13,276,310,-2,-126,-41,39,9,34
-21,-11,278,310,-3,-129,-40,39,8,33
-23,-14,278,310,-3,-129,-42,40,9,33
-18,-4,265,299,-3,-114,-40,39,9,32
-22,-9,272,312,-8,-116,-40,40,6,32
-23,-6,275,312,-8,-116,-42,40,7,33
-20,-7,267,296,-2,-112,-41,38,8,32
-23,-8,269,296,-2,-112,-41,39,9,33
-18,-14,282,309,-4,-121,-41,39,8,33
-23,-11,272,309,-4,-121,-41,40,7,33
-23,-5,272,314,0,-132,-42,40,9,30
-13,-10,269,314,0,-132,-39,38,7,33
-21,-11,273,303,-7,-119,-41,39,8,33
-22,-15,266,310,-2,-121,-40,40,8,33
-20,-4,278,310,-2,-121,-40,38,7,33
-16,-14,271,319,-10,-136,-42,42,7,34
-17,-8,267,319,-10,-136,-42,41,7,34
-18,-6,264,312,0,-124,-41,39,8,30
-23,-10,269,312,0,-124,-41,40,8,33
-18,-2,269,306,-2,-125,-41,38,8,32
-24,-8,267,311,-7,-130,-41,39,8,33
-22,-6,268,311,-7,-130,-39,39,8,32
-19,-7,278,307,-1,-130,-42,39,9,33
-21,-7,274,307,-1,-130,-41,39,8,33
-21,-14,273,312,-3,-128,-41,39,7,32
-26,-11,278,312,-3,-128,-42,39,10,35
-20,-9,282,313,-5,-125,-40,39,8,32
-21,-7,268,309,-3,-125,-41,40,8,33
-23,1,267,309,-3,-125,-41,39,9,31
-18,-16,273,307,-1,-122,-40,41,9,34
-23,-6,272,307,-1,-122,-41,39,8,32
-16,-3,273,307,-3,-125,-41,39,8,32
-20,-9,266,307,-3,-125,-42,39,7,32
-21,-2,267,309,-5,-126,-40,39,8,32
-20,-12,269,309,-5,-126,-41,39,8,34
-19,-6,271,311,-2,-125,-41,39,9,32
-20,-14,279,311,-3,-128,-39,40,9,34
-21,-5,274,311,-3,-128,-40,40,7,32
-24,-8,275,298,-1,-108,-41,40,9,32
-20,-10,272,298,-1,-108,-42,41,8,32
-19,-2,269,308,-5,-129,-42,39,7,33
-21,-14,276,308,-5,-129,-39,40,7,33
-23,-16,273,308,0,-120,-41,40,8,32
-23,-12,271,309,-2,-132,-40,39,8,34
-19,-3,266,309,-2,-132,-40,38,8,32
-18,-2,272,307,-3,-128,-39,40,8,32
-18,-3,274,307,-3,-128,-41,39,6,31
-21,2,279,317,-5,-124,-42,39,7,32
-17,-14,277,317,-5,-124,-40,41,7,33
-19,-7,273,311,-6,-127,-40,39,9,33
-24,-13,283,311,-2,-122,-41,38,9,33
-20,-9,277,311,-2,-122,-41,38,8,33
-26,-10,269,307,1,-128,-41,40,8,32
-24,-6,276,307,1,-128,-41,39,7,30
-24,-4,272,310,-7,-126,-42,39,7,33
-19,-8,272,310,-7,-126,-41,39,8,32
-23,-14,269,306,-6,-124,-42,40,9,34
-20,-11,269,312,1,-130,-41,41,7,32
-21,-8,269,312,1,-130,-41,38,10,33
-23,-7,271,310,-1,-128,-40,40,6,31
-20,-6,269,310,-1,-128,-41,39,8,32
-24,-16,272,313,-3,-129,-41,40,8,33
-22,-2,279,313,-3,-129,-40,39,8,32
-19,-5,265,318,-10,-136,-41,40,7,34
-20,-15,272,318,-10,-136,-42,40,8,34
-21,-14,281,310,-4,-113,-42,40,9,34
-24,-9,277,311,-2,-126,-41,40,7,32
-18,-10,270,311,-2,-126,-41,40,8,33
-19,-9,276,308,-4,-127,-41,39,9,32
-21,-15,280,308,-4,-127,-42,40,8,34
-23,-10,267,307,0,-132,-40,40,8,32
-23,-8,273,307,0,-132,-42,39,7,31
-18,-5,268,316,-3,-142,-41,41,9,33
-28,-14,281,312,-2,-128,-41,39,8,33
-18,-10,275,312,-2,-128,-40,40,7,33
-29,-10,270,312,-4,-122,-41,39,9,32
-19,-6,269,312,-4,-122,-42,40,7,33
-20,-14,269,307,0,-128,-40,39,9,32
-19,-8,270,307,0,-128,-42,38,7,32
-20,-8,278,308,-5,-109,-39,41,7,32
-18,-13,264,308,-10,-120,-40,40,9,35
-24,-8,274,308,-10,-120,-41,39,9,33
-21,-10,265,307,-4,-124,-39,40,8,32
-24,-14,271,307,-4,-124,-41,40,8,34
-27,-7,269,310,-4,-126,-42,40,7,32
-18,-4,268,310,-4,-126,-41,38,6,33
-25,-6,272,308,-4,-124,-41,41,8,32
-18,-10,266,313,-5,-124,-42,38,9,34
-22,-15,268,313,-5,-124,-40,38,9,33
-26,-9,264,308,-3,-125,-40,39,8,31
-21,-10,268,308,-3,-125,-41,40,10,35
-20,-15,263,307,-5,-123,-41,39,8,33
-19,-5,269,307,-5,-123,-41,39,7,33
-18,-5,273,304,-9,-134,-42,41,8,32
-26,-14,278,312,-1,-124,-42,39,9,34
-21,-11,271,312,-1,-124,-41,39,7,33
-18,-11,274,306,-3,-121,-41,39,8,34
-26,-8,275,306,-3,-121,-41,40,7,31
-18,-16,269,313,-4,-126,-41,39,7,33
-20,-5,274,313,-4,-126,-42,40,8,33
-20,-7,269,308,-10,-126,-41,39,8,33
-27,-16,271,310,-7,-126,-42,41,7,34
-22,-9,273,310,-7,-126,-40,39,8,32
-17,-7,274,310,-2,-128,-41,40,8,33
-21,-8,273,310,-2,-128,-40,39,9,31
-22,-5,272,308,0,-124,-41,40,8,32
-20,-8,279,308,0,-124,-43,39,8,31
-18,-4,265,307,-2,-117,-43,40,7,33
-25,0,272,314,-4,-125,-41,38,8,31
-21,-11,276,314,-4,-125,-41,41,7,33
-25,-14,287,312,3,-134,-41,39,9,32
-20,-2,274,312,3,-134,-41,39,8,30
-21,-3,272,307,-5,-128,-40,38,8,33
-20,-10,267,307,-5,-128,-42,40,8,33
-18,-8,278,310,-3,-126,-41,40,7,33
-22,-8,275,310,-3,-126,-39,40,8,32
-18,-19,268,307,0,-127,-41,38,7,33
-18,-7,281,311,-2,-127,-41,39,7,31
-22,-13,271,311,-2,-127,-40,38,9,33
